4.900792489891221848e+00
4.900792489891222736e+00
4.900792489891222736e+00
4.900792489891221848e+00
4.900792489891221848e+00
4.900792489891221848e+00
4.900792489891221848e+00
4.900792489891221848e+00
4.900792489891221848e+00
4.900792489891221848e+00
4.900792489891221848e+00
4.900792489891221848e+00
4.900792489891221848e+00
4.900792489891221848e+00
4.900792489891221848e+00
4.900792489891221848e+00
4.900792489891221848e+00
4.900792489891221848e+00
4.900792489891221848e+00
4.900792489891221848e+00
4.900792489891221848e+00
4.900792489891221848e+00
4.900792489891221848e+00
4.900792489891221848e+00
4.900792489891221848e+00
4.900792489891221848e+00
4.900792489891221848e+00
4.900792489891221848e+00
4.900792489891221848e+00
4.900792489891221848e+00
4.900792489891221848e+00
4.900792489891221848e+00
4.900792489891221848e+00
4.900792489891221848e+00
4.900792489891221848e+00
4.900792489891221848e+00
4.900792489891221848e+00
4.900792489891221848e+00
4.900792489891221848e+00
4.900792489891221848e+00
4.900792489891221848e+00
4.900792489891221848e+00
4.900792489891221848e+00
4.900792489891221848e+00
4.900792489891221848e+00
4.900792489891221848e+00
4.900792489891221848e+00
4.900792489891221848e+00
4.900792489891221848e+00
4.900792489891221848e+00
4.900792489891221848e+00
4.900792489891221848e+00
4.900792489891221848e+00
4.900792489891221848e+00
4.900792489891221848e+00
4.900792489891221848e+00
4.900792489891221848e+00
4.900792489891221848e+00
4.900792489891221848e+00
4.900792489891221848e+00
4.900792489891221848e+00
4.900792489891221848e+00
4.900792489891221848e+00
4.900792489891221848e+00
4.900792489891221848e+00
4.900792489891221848e+00
4.900792489891221848e+00
4.900792489891221848e+00
4.900792489891221848e+00
4.900792489891221848e+00
4.900792489891221848e+00
4.900792489891221848e+00
4.900792489891221848e+00
4.900792489891221848e+00
4.900792489891221848e+00
4.900792489891221848e+00
4.900792489891221848e+00
4.900792489891221848e+00
4.900792489891221848e+00
4.900792489891221848e+00
4.900792489891221848e+00
4.900792489891221848e+00
4.900792489891221848e+00
4.904975437269082583e+00
4.913602031825899275e+00
4.926840529845314620e+00
4.944825941151588466e+00
4.944825941151589355e+00
4.973771392438601779e+00
5.024603772607181718e+00
5.079125101171210410e+00
5.133058573155322435e+00
5.180599941437337819e+00
5.222566317360665344e+00
5.260555657851354816e+00
5.294279474973380140e+00
5.347299659149461704e+00
5.371632953759217344e+00
5.374425187614240151e+00
5.373852588636200522e+00
5.374242633968631999e+00
5.377398840981980399e+00
5.382583274004270280e+00
5.387245898745525174e+00
5.392241390677503077e+00
5.397307728315207775e+00
5.403713680478655412e+00
5.410587789112906165e+00
5.417775510392298877e+00
5.425280230110613111e+00
5.432636049086344343e+00
5.439999696474695945e+00
5.447185796473862140e+00
5.453445373408963626e+00
5.457724242276833060e+00
5.460651674651868070e+00
5.462317682801135277e+00
5.464108009312322878e+00
5.465999442789234664e+00
5.467293447057681277e+00
5.463824646870685697e+00
5.460944258383785055e+00
5.459751100555620518e+00
5.459240783237872208e+00
5.458630992342443200e+00
5.458677024009246814e+00
5.458219843655878201e+00
5.457283202623252727e+00
5.456908483660932063e+00
5.460816063376658036e+00
5.464622675989527778e+00
5.467277280855793009e+00
5.470270908782354446e+00
5.473540227489986698e+00
5.477024080220497915e+00
5.480589650705844917e+00
5.483982620726682633e+00
5.486930012488982378e+00
5.489150271604692044e+00
5.490379012839691875e+00
5.490317644503463157e+00
5.488635464665748032e+00
5.492442077278616885e+00
5.489573913008247708e+00
5.477285584948017316e+00
5.464137892482005654e+00
5.450179152088448831e+00
5.434055947131977149e+00
5.416254504190696650e+00
5.397142241401684970e+00
5.377019016892564451e+00
5.349936232816225434e+00
5.328806498560788363e+00
5.316476661124036163e+00
5.304728852146984863e+00
5.293368749476221602e+00
5.282175895037772406e+00
5.253689003841434335e+00
5.238205840614109654e+00
5.224071118479958642e+00
5.210562257754554061e+00
5.197335581120335668e+00
5.184753579600052120e+00
5.173031007918904578e+00
5.162863836973833997e+00
5.156365787128495803e+00
5.171038921177212977e+00
5.176516647946529659e+00
5.184485098114915758e+00
5.194505845261840449e+00
5.206173526650561101e+00
5.219106595820056427e+00
5.232844139302544662e+00
5.247029384639971816e+00
5.261074633453835858e+00
5.274414407841963914e+00
5.286705426836023847e+00
5.297571425498489361e+00
5.306596611619994519e+00
5.321269745668711693e+00
5.327604089275313370e+00
5.340709950517906535e+00
5.333107709612922243e+00
5.323776202714665118e+00
5.311976937988898584e+00
5.298554727152962940e+00
5.283355827628814616e+00
5.267472182878512932e+00
5.243647278830846581e+00
5.225873743782299741e+00
5.198816191121613528e+00
5.189316088699110097e+00
5.178186424025470025e+00
5.166978642592386706e+00
5.154105180507212225e+00
5.139895318235246258e+00
5.124116587424680347e+00
5.104444699433916099e+00
5.092132550563522209e+00
5.081067553936487791e+00
5.071520874850973470e+00
5.064110579354673902e+00
5.058431821322031396e+00
5.055652831927536006e+00
5.056021324196155575e+00
5.059102911033832584e+00
5.066966717890828420e+00
5.068273001461813365e+00
5.069462375187097081e+00
5.070922445712094273e+00
5.072521124447880503e+00
5.074154409124059129e+00
5.075740101709783403e+00
5.077231216230353006e+00
5.078618456878942311e+00
5.079924740449928144e+00
5.081231024020913090e+00
5.082537307591898035e+00
5.083843591162882980e+00
5.085149874733867925e+00
5.086456158304852870e+00
5.087762441875837816e+00
5.089068725446822761e+00
5.090375009017808594e+00
5.091681292588792651e+00
5.092987576159777596e+00
5.094293859730762541e+00
5.095600143301748375e+00
5.096906426872732432e+00
5.098212710443718265e+00
5.099518994014703210e+00
5.100825277585688156e+00
5.102131561156673989e+00
5.103437844727658934e+00
5.104744128298643879e+00
5.106050411869628824e+00
5.107356695440613770e+00
5.108662979011598715e+00
5.109969262582583660e+00
5.111275546153568605e+00
5.112581829724553550e+00
5.113888113295538496e+00
5.115194396866523441e+00
5.116500680437508386e+00
5.118031217677519784e+00
5.119806806720180070e+00
5.121835713394428780e+00
5.124068130443131253e+00
5.126399150674690652e+00
5.128684341905045407e+00
5.130771114182643977e+00
5.132077397753629810e+00
5.151548228515728134e+00
5.154314907241158927e+00
5.155821417484594882e+00
5.152370690124261188e+00
5.144253357698371332e+00
5.132835897699526306e+00
5.120803487535858345e+00
5.109844545011585915e+00
5.091870675743944474e+00
5.059071105054886885e+00
5.049523163172178641e+00
5.057036492444408005e+00
5.074350870783144174e+00
5.097111022692295990e+00
5.124299156383077758e+00
5.152779210146981370e+00
5.179864116732106005e+00
5.213713381018849624e+00
5.244142216144852320e+00
5.268346769159564680e+00
5.277354197269174207e+00
5.281402737901154332e+00
5.284512375349406099e+00
5.286698542024095282e+00
5.288830318119075002e+00
5.292008191091170488e+00
5.297006886711598028e+00
5.302675422817544337e+00
5.308361260069820453e+00
5.313873877315479888e+00
5.320155068678254828e+00
5.327076087523494152e+00
5.334756231644170121e+00
5.342428226987808948e+00
5.349934064194041383e+00
5.357308726678813748e+00
5.365425837201483361e+00
5.374393239537385014e+00
5.382900270320440050e+00
5.390956423190695013e+00
5.398663271124816809e+00
5.406722323878920378e+00
5.414446952512612654e+00
5.420941397316065391e+00
5.425150727744704859e+00
5.426962083080187682e+00
5.426895262505245121e+00
5.425072705135089102e+00
5.418922469442071232e+00
5.400472969160218462e+00
5.377517541682830249e+00
5.343386561822724090e+00
5.320981093473978518e+00
5.299118967376194256e+00
5.277793255272094974e+00
5.256918163854946258e+00
5.238062673829410265e+00
5.224010219647418296e+00
5.223237412847561600e+00
5.226998906491744812e+00
5.243304582277989567e+00
5.250316159842324026e+00
5.259889742176428129e+00
5.271344249168805618e+00
5.283993808596542330e+00
5.297132525537309178e+00
5.313081042048751534e+00
5.322365185352072814e+00
5.339269881130748630e+00
5.352533772767165132e+00
5.362640763106083064e+00
5.369187273096513557e+00
5.372928283409894590e+00
5.373401781948157208e+00
5.371228681344081046e+00
5.363632801338765077e+00
5.359505042467589853e+00
5.343768030000362046e+00
5.328368490171292216e+00
5.312779199239852090e+00
5.298616550712444528e+00
5.284882910434467895e+00
5.272265340318353033e+00
5.261255102736581257e+00
5.251924341906545557e+00
5.244109468630909987e+00
5.238006402478776913e+00
5.232969375284961089e+00
5.229268033017436146e+00
5.225727487701806950e+00
5.222984883881235163e+00
5.220805450932603620e+00
5.218121440737435002e+00
5.214868140536840002e+00
5.211003425549397328e+00
5.207282090258607887e+00
5.203116024001257500e+00
5.198437447765294372e+00
5.193486606852963483e+00
5.187665700531554513e+00
5.180521317821064287e+00
5.171701830510366804e+00
5.160594292688237772e+00
5.147582351267143252e+00
5.133275301020500336e+00
5.115321169798362710e+00
5.089323272723267344e+00
5.069705208387039086e+00
5.049684975983157464e+00
5.030217259920423345e+00
5.012124591384134575e+00
4.996288075279496255e+00
4.982964984452844526e+00
4.971458072640730919e+00
4.964680086036186601e+00
4.967023510957859322e+00
4.963868823913029082e+00
4.962330089514168208e+00
4.962083285333550364e+00
4.962827159888618667e+00
4.964289668193888616e+00
4.966235491019201476e+00
4.968466305922031978e+00
4.970838208284593662e+00
4.973236539279017876e+00
4.975490402030434467e+00
4.977471156819121667e+00
4.979061053439397533e+00
4.980092641778843365e+00
4.980374622405853380e+00
4.982718047327526101e+00
4.987368144961163985e+00
4.989517138910977145e+00
4.977963010895256168e+00
4.969976180689744893e+00
4.963144509084090217e+00
4.952678003201413937e+00
4.940838010745109976e+00
4.928223822795385622e+00
4.913875233674535714e+00
4.896337302782441725e+00
4.880369860500602286e+00
4.877576509500477719e+00
4.870030165357371210e+00
4.859857794583894552e+00
4.854478984958929821e+00
4.851483832964595067e+00
4.850615998333312362e+00
4.849658989454226798e+00
4.849317191440003505e+00
4.849294762178731233e+00
4.848878098226125921e+00
4.848766538452592201e+00
4.849513861803178116e+00
4.850255020512872051e+00
4.852338425222356477e+00
4.853850493370115871e+00
4.855249286870203740e+00
4.858322305862383672e+00
4.863609807864814449e+00
4.871372360958488912e+00
4.881399070566715181e+00
4.893887513987833948e+00
4.908482766002732589e+00
4.924380211537938479e+00
4.944090242139281166e+00
4.966852704050525702e+00
4.990522763846084509e+00
5.014177462544244790e+00
5.038214768374493779e+00
5.064460518122097632e+00
5.093816024247420415e+00
5.128604332783327280e+00
5.161987736456222109e+00
5.194205936217239916e+00
5.223361707977912438e+00
5.250866528704747793e+00
5.276732849862083796e+00
5.299804874431021773e+00
5.318203661154820239e+00
5.331700925470138408e+00
5.336643589128313714e+00
5.339576185679071330e+00
5.339469981439100010e+00
5.338886376492836483e+00
5.337278338153419455e+00
5.335345331594130158e+00
5.333916246728588106e+00
5.333394507050837063e+00
5.332769540837919209e+00
5.332079508593430717e+00
5.331389794400946514e+00
5.330740970627301678e+00
5.330136598400173398e+00
5.329574893795884449e+00
5.329041952325691334e+00
5.328520212647940291e+00
5.327998472970189248e+00
5.327476733292437316e+00
5.326954993614685385e+00
5.326433253936934342e+00
5.325911514259182411e+00
5.325389774581430480e+00
5.324868034903677660e+00
5.324346295225926617e+00
5.323824555548175574e+00
5.323302815870423643e+00
5.322781076192672600e+00
5.322259336514921557e+00
5.321737596837170514e+00
5.321215857159418583e+00
5.320694117481667540e+00
5.320172377803916497e+00
5.319650638126164566e+00
5.319128898448412635e+00
5.318607158770660703e+00
5.318085419092909660e+00
5.317563679415158617e+00
5.317041939737405798e+00
5.316520200059654755e+00
5.315998460381901936e+00
5.315476720704150893e+00
5.314954981026399849e+00
5.314433241348648806e+00
5.313911501670897763e+00
5.313389761993145832e+00
5.312868022315394789e+00
5.312346282637643746e+00
5.311824542959892703e+00
5.311302803282139884e+00
5.310781063604388841e+00
5.310259323926636910e+00
5.309737584248885867e+00
5.309215844571133935e+00
5.308694104893381116e+00
5.308172365215630073e+00
5.307650625537878142e+00
5.307128885860127099e+00
5.306607146182376056e+00
5.306085406504625013e+00
5.305563666826873970e+00
5.305041927149122039e+00
5.304520187471370996e+00
5.303998447793619953e+00
5.303476708115868021e+00
5.302967154375452630e+00
5.302211204574423853e+00
5.301193699453618180e+00
5.299729649422665112e+00
5.297829218721632927e+00
5.295507108280041564e+00
5.292798745052052389e+00
5.292277005374300458e+00
5.292742326620822446e+00
5.271263259171715454e+00
5.269747829625092805e+00
5.254737698570382420e+00
5.255981572691243109e+00
5.258029299328016215e+00
5.262177513701153941e+00
5.268760690705416749e+00
5.273564799361336597e+00
5.277411122533752774e+00
5.303921017327394516e+00
5.311378484164899660e+00
5.333840911187300193e+00
5.342131461362616740e+00
5.350929192974820836e+00
5.359094707218584830e+00
5.365020386547866948e+00
5.370124950539406861e+00
5.366563903187124396e+00
5.350707047736116273e+00
5.340459185205168602e+00
5.337983507451198761e+00
5.337240109540341670e+00
5.337327282358500291e+00
5.330232716345246757e+00
5.322851083615510959e+00
5.315263236544544689e+00
5.315565923464556697e+00
5.326475259778943538e+00
5.329818901598551761e+00
5.322613785089145289e+00
5.310408982543121326e+00
5.294825420125363280e+00
5.283703470051648310e+00
5.271386175904170912e+00
5.258015120373773499e+00
5.243716330895446198e+00
5.229467157018479639e+00
5.216341769443203269e+00
5.205290934761208632e+00
5.197108100871054681e+00
5.192499187408789574e+00
5.192103112158445555e+00
5.196533504136866988e+00
5.180949941719108054e+00
5.227360670516731034e+00
5.247403265750885559e+00
5.269957653191261748e+00
5.293366665762061274e+00
5.316023713921853577e+00
5.336372785663564322e+00
5.352908446514494045e+00
5.364175839536302171e+00
5.394199447199629738e+00
5.360180373505790463e+00
5.349821705988448528e+00
5.333649336643333072e+00
5.312762578873627461e+00
5.288259699583394813e+00
5.261196740517168458e+00
5.232656214961455277e+00
5.203725344939949871e+00
5.169706271246109708e+00
5.144275171907689348e+00
5.121967213911910122e+00
5.100301564299930313e+00
5.080190692995834034e+00
5.058117955824248391e+00
5.039483549318857669e+00
5.022308689693610440e+00
5.012684318161224617e+00
5.004199860661136867e+00
4.990861890462902295e+00
4.974935204917598774e+00
4.969071845194995340e+00
4.967194796158531211e+00
4.973338579314289021e+00
4.983080800768105334e+00
4.997791346133584334e+00
5.010953077394870725e+00
5.032767239497510481e+00
5.057387220380808124e+00
5.088341501257421129e+00
5.116696331028435019e+00
5.139837074263481576e+00
5.160131710859534593e+00
5.177514387533181051e+00
5.190241429165237896e+00
5.200260847759062166e+00
5.208033697036906773e+00
5.213385434810650310e+00
5.215312516680437938e+00
5.212545946767722427e+00
5.213980127097570971e+00
5.217579747451399186e+00
5.224327410615446254e+00
5.231255791444370473e+00
5.237407191489889868e+00
5.245123759585395007e+00
5.253867060962422286e+00
5.263466043201890265e+00
5.276213838149623747e+00
5.289229405461229661e+00
5.300772943152868955e+00
5.309869102335862401e+00
5.321211501704770086e+00
5.333135903732530103e+00
5.344629155563544565e+00
5.353913966536832270e+00
5.361499386036653547e+00
5.366185493629319403e+00
5.366073264811855204e+00
5.363084633175914107e+00
5.350343228321456479e+00
5.337882966662997219e+00
5.310605122856237870e+00
5.291228594359299819e+00
5.271494609113327456e+00
5.252052982342171994e+00
5.232089501201780735e+00
5.215494950057308898e+00
5.201384562248495769e+00
5.195841552413927644e+00
5.189422252542849279e+00
5.198405635385109136e+00
5.200172586261571084e+00
5.204491186596033714e+00
5.211050968948525153e+00
5.219532775810137970e+00
5.229593711302809922e+00
5.240917448321139815e+00
5.249574710430767510e+00
5.269571189902905850e+00
5.291782350585332750e+00
5.305413015646673003e+00
5.322217695323828934e+00
5.335784938923954890e+00
5.346029204482904085e+00
5.353477482000460697e+00
5.358450626138911765e+00
5.362048599523119741e+00
5.353889688742629716e+00
5.340990272834551966e+00
5.335374056615322935e+00
5.324990020956870573e+00
5.315849098668715023e+00
5.308403770366154184e+00
5.301429624529078843e+00
5.294234720440396558e+00
5.291058283906541426e+00
5.287473117140285339e+00
5.285976100923694965e+00
5.284878170027405453e+00
5.283256654247397321e+00
5.281511067892383338e+00
5.280100078352477411e+00
5.279746440897955750e+00
5.281057678179895021e+00
5.280970423118775514e+00
5.280091834302930387e+00
5.277686196721292688e+00
5.269781017615509100e+00
5.264863899169442973e+00
5.260054383738189898e+00
5.254534398944247897e+00
5.248323098259111141e+00
5.241259292578597240e+00
5.234800777067531108e+00
5.229048060231402673e+00
5.224096016966965017e+00
5.224274309755857715e+00
5.222249984912540555e+00
5.220796233381595819e+00
5.219831328588461439e+00
5.219270807876776885e+00
5.219026666222164934e+00
5.219004279761503717e+00
5.219119235068255591e+00
5.219297527857148289e+00
5.219475820646040987e+00
5.219654113434932796e+00
5.219832406223825494e+00
5.220010699012717303e+00
5.220188991801610001e+00
5.220367284590501811e+00
5.220545577379393620e+00
5.220723870168285430e+00
5.220902162957178128e+00
5.221080455746069937e+00
5.221258748534962635e+00
5.221437041323854444e+00
5.221615334112747142e+00
5.221793626901638952e+00
5.221971919690531649e+00
5.222150212479423459e+00
5.222073897429682532e+00
5.221336672852769034e+00
5.219597831480502492e+00
5.216510832804047482e+00
5.211721677488863946e+00
5.204871155060952326e+00
5.195586090613568686e+00
5.195764383402460496e+00
5.175319441262032250e+00
5.142841905117971457e+00
5.116338426549964069e+00
5.090364072284375041e+00
5.065133710440806958e+00
5.041183402939860336e+00
5.018163343499370654e+00
4.995373256582717580e+00
4.956380713256916870e+00
4.942018590659813526e+00
4.943211939364172025e+00
4.940353668765027351e+00
4.938541727069321041e+00
4.938031514484119811e+00
4.938746309102260312e+00
4.941484328906107670e+00
4.947383332819251578e+00
4.961004013778560484e+00
4.971532123002969428e+00
4.979677156140222216e+00
4.987445853904135085e+00
4.995525908629584677e+00
5.003793592498738008e+00
5.012143564832696185e+00
5.020486624405257281e+00
5.028758462736199419e+00
5.036932916565885598e+00
5.045077949703138387e+00
5.053222982840391175e+00
5.061368015977643076e+00
5.069513049114894976e+00
5.077658082252147764e+00
5.085858273536455698e+00
5.094069062914971191e+00
5.102215740617072726e+00
5.110191159352800661e+00
5.117855639529036438e+00
5.125039409516896960e+00
5.131537205868479390e+00
5.139682239005731290e+00
5.152295082054513919e+00
5.156775592763936267e+00
5.158803378239626980e+00
5.158267836325360456e+00
5.155268436821490496e+00
5.150142520980214300e+00
5.142622477986693141e+00
5.133294837487582640e+00
5.119938633863089450e+00
5.099905678874638859e+00
5.085520998201368492e+00
5.070791888195870456e+00
5.068114910442327314e+00
5.063756222576737187e+00
5.059927718072449565e+00
5.058175813621999417e+00
5.058120862543575846e+00
5.059633906659366964e+00
5.062508900552141533e+00
5.066917323170836873e+00
5.073150817152411562e+00
5.068910168886426426e+00
5.067977740446560020e+00
5.067943976700389541e+00
5.067699843399098292e+00
5.067243721025747050e+00
5.066592322955991712e+00
5.065779309719777856e+00
5.064853160792864628e+00
5.063879890132922057e+00
5.062947461693057427e+00
5.062015033253190133e+00
5.061082604813324615e+00
5.060150176373458208e+00
5.059212856746497344e+00
5.058576347616213553e+00
5.058573351311226318e+00
5.059469024043917962e+00
5.061516641454496757e+00
5.064960695671463675e+00
5.070027828004565862e+00
5.069095399564698567e+00
5.067766784970165972e+00
5.091601084102840957e+00
5.117321624971717497e+00
5.136937417599834355e+00
5.154692214844346587e+00
5.170583602962506298e+00
5.183632637955458478e+00
5.193941400225342342e+00
5.209962176582674687e+00
5.225946856912157656e+00
5.216629476773282370e+00
5.205317380990036824e+00
5.198895379909602710e+00
5.193955345474004837e+00
5.187477731157351002e+00
5.180180760836651466e+00
5.176293840966645909e+00
5.174039317119660808e+00
5.172226096866999079e+00
5.170044715250698530e+00
5.167486405907595781e+00
5.165102127286186118e+00
5.162620363870734863e+00
5.162532754448374561e+00
5.164972866926523132e+00
5.165976136033156862e+00
5.166848674902462690e+00
5.168319509196660277e+00
5.170448339907363078e+00
5.171896694586617826e+00
5.173152422901810432e+00
5.174373673336995161e+00
5.175215011861459047e+00
5.176402192505839217e+00
5.176879626145151292e+00
5.175813691043626541e+00
5.173621564842942888e+00
5.170993991119246402e+00
5.169317825201608763e+00
5.166871280240730613e+00
5.160765076823197184e+00
5.155430911818359441e+00
5.150528204977282698e+00
5.146041482503819431e+00
5.141740352590460361e+00
5.137889054168287117e+00
5.133259196550738146e+00
5.128869716091356779e+00
5.125667149793513566e+00
5.125527003484362965e+00
5.124583152251214635e+00
5.122337500759940987e+00
5.118676168616662636e+00
5.114332277717938524e+00
5.108749135066691593e+00
5.103181562668612337e+00
5.096251494818075933e+00
5.088331333345537999e+00
5.078713956381379901e+00
5.068195297550822431e+00
5.056718821302649935e+00
5.044796435129688561e+00
5.032094455162714475e+00
5.019711824435002967e+00
5.007849551836677016e+00
4.996453099060364167e+00
4.985389913238298831e+00
4.975605126780369147e+00
4.966638966733331273e+00
4.958415979156205466e+00
4.950289906360519687e+00
4.941025589222668657e+00
4.930306360146476941e+00
4.918116276990896374e+00
4.903603722456968406e+00
4.887203182613309771e+00
4.863830401315992980e+00
4.839922653090670046e+00
4.818954397457725136e+00
4.812089296845474706e+00
4.815685998457381878e+00
4.820775783334436682e+00
4.834246958453303655e+00
4.849019850708767621e+00
4.880093852893553574e+00
4.927246886045832497e+00
4.957363125451887065e+00
4.982643271284051600e+00
4.990970578033558702e+00
4.991121270848441149e+00
4.992483898956994182e+00
4.987913628852292725e+00
4.985526082524280866e+00
4.969962536350037041e+00
4.946165713365540562e+00
4.939387265756885803e+00
4.934593130936541172e+00
4.931770331306326582e+00
4.931235658604874672e+00
4.926053387273611861e+00
4.924488969477449629e+00
4.917241518267248424e+00
4.907086548532465287e+00
4.897803855417761199e+00
4.893091925971711831e+00
4.892386107540857232e+00
4.897574856286479594e+00
4.903739788543242106e+00
4.909346152001563546e+00
4.903175111697147592e+00
4.906994293476881097e+00
4.914232111199798858e+00
4.917086403152910457e+00
4.912901641718046442e+00
4.903805797899315699e+00
4.899883717832515195e+00
4.894877293626535675e+00
4.897024499192511371e+00
4.909461113820687395e+00
4.919510356495158554e+00
4.931073223620497714e+00
4.948152239182448398e+00
4.970528468810756273e+00
4.995648516597650968e+00
5.012634629011974319e+00
5.039818382512041950e+00
5.067002155334234814e+00
5.071555664595060797e+00
5.073602402534775457e+00
5.072751211664273896e+00
5.067678026959608673e+00
5.058720845046244641e+00
5.046971849710344848e+00
5.033199558941666929e+00
5.006155299361513933e+00
4.976023066631140246e+00
4.965212207967432789e+00
4.953891238877261571e+00
4.943033035221245264e+00
4.933847321426689803e+00
4.926103073354556550e+00
4.918944779318030314e+00
4.912035462378808504e+00
4.905519069331619519e+00
4.899046605267141530e+00
4.892696940714430731e+00
4.885831752858730503e+00
4.878247802527076793e+00
4.870538800618431807e+00
4.863366327691888813e+00
4.857070124620644691e+00
4.851494426321902864e+00
4.847070879988742753e+00
4.842869385810466554e+00
4.837023533373670858e+00
4.834903092148441495e+00
4.833848311328157621e+00
4.833666223496171810e+00
4.834010457188623100e+00
4.834869167639448406e+00
4.836641526116985723e+00
4.839000927446901024e+00
4.842809577531705933e+00
4.849747999184647718e+00
4.854856125160408098e+00
4.860505216744076762e+00
4.866580674768465009e+00
4.872983937837109814e+00
4.879626989325999809e+00
4.886431124526911418e+00
4.893330907024692422e+00
4.900269328677634206e+00
4.907207750330576879e+00
4.914146171983519551e+00
4.921084593636461335e+00
4.928023015289404007e+00
4.934961436942346680e+00
4.941899858595288464e+00
4.948838280248231136e+00
4.955776701901173809e+00
4.962715123554115593e+00
4.969679376299690254e+00
4.976692671285190883e+00
4.983790837806179042e+00
4.991030878809699978e+00
4.998467900637517225e+00
5.006128028988687362e+00
5.014026931127657072e+00
5.020965352780598856e+00
5.029996092936664276e+00
5.038788786428039401e+00
5.048554507688563397e+00
5.059950423184468526e+00
5.071050839169320312e+00
5.079606842271216394e+00
5.087092605646112986e+00
5.095043177690301128e+00
5.105476784864404038e+00
5.115815286007621587e+00
5.132482575929167012e+00
5.150871111393081847e+00
5.174185669807584098e+00
5.201536621260668625e+00
5.226255072292522286e+00
5.251830130775430483e+00
5.269978214374230419e+00
5.286366449914989829e+00
5.301556763657990778e+00
5.309659349893267155e+00
5.313889419137789893e+00
5.310206026701683513e+00
5.301358625584895456e+00
5.296720221208781609e+00
5.291301406846044664e+00
5.291835049171107030e+00
5.291835049171107030e+00
5.290264822757412944e+00
5.288894814905959585e+00
5.287883072754596903e+00
5.287372767823192099e+00
5.287372767823192099e+00
5.287372767823192099e+00
5.287372767823192099e+00
5.287372767823192099e+00
5.287372767823192099e+00
5.287372767823192099e+00
5.287372767823192099e+00
5.287372767823192099e+00
5.287372767823192099e+00
5.287372767823192099e+00
5.287372767823192099e+00
5.287372767823192099e+00
5.287372767823192099e+00
5.287372767823192099e+00
5.287372767823192099e+00
5.287372767823192099e+00
5.287372767823192099e+00
5.287372767823192099e+00
5.287372767823192099e+00
5.287372767823192099e+00
5.287372767823192099e+00
5.287372767823192099e+00
5.287372767823192099e+00
5.287372767823192099e+00
5.287372767823192099e+00
5.287372767823192099e+00
5.287372767823192099e+00
5.287372767823192099e+00
5.287372767823192099e+00
5.287372767823192099e+00
5.287372767823192099e+00
5.287372767823192099e+00
5.287372767823192099e+00
5.287372767823192099e+00
5.287372767823192099e+00
5.287372767823192099e+00
5.287372767823192099e+00
5.287372767823192099e+00
5.287372767823192099e+00
5.287372767823192099e+00
5.287372767823192099e+00
5.287372767823192099e+00
5.287372767823192099e+00
5.287372767823192099e+00
5.287372767823192099e+00
5.287372767823192099e+00
5.287372767823192099e+00
5.287372767823192099e+00
5.287372767823192099e+00
5.287372767823192099e+00
5.287372767823192099e+00
5.287372767823192099e+00
5.287372767823192099e+00
5.287372767823192099e+00
5.287372767823192099e+00
5.287372767823192099e+00
5.287372767823192099e+00
5.287372767823192099e+00
5.287372767823192099e+00
5.287372767823192099e+00
5.287372767823192099e+00
5.287372767823192099e+00
5.287372767823192099e+00
5.287372767823192099e+00
5.287372767823192099e+00
5.287372767823192099e+00
5.287372767823192099e+00
5.287372767823192099e+00
5.287372767823192099e+00
5.287372767823192099e+00
5.287372767823192099e+00
