5.498778444196796400e+00
5.498778444196795512e+00
5.498778444196795512e+00
5.498778444196796400e+00
5.498778444196796400e+00
5.498778444196796400e+00
5.498778444196796400e+00
5.498778444196796400e+00
5.498778444196796400e+00
5.498778444196796400e+00
5.498778444196796400e+00
5.498778444196796400e+00
5.498778444196796400e+00
5.498778444196796400e+00
5.498778444196796400e+00
5.498778444196796400e+00
5.498778444196796400e+00
5.498778444196796400e+00
5.498778444196796400e+00
5.498778444196796400e+00
5.498778444196796400e+00
5.498778444196796400e+00
5.498778444196796400e+00
5.498778444196796400e+00
5.498778444196796400e+00
5.498778444196796400e+00
5.498778444196796400e+00
5.498778444196796400e+00
5.498778444196796400e+00
5.498778444196796400e+00
5.498778444196796400e+00
5.498778444196796400e+00
5.498778444196796400e+00
5.498778444196796400e+00
5.498778444196796400e+00
5.498778444196796400e+00
5.498778444196796400e+00
5.498778444196796400e+00
5.498778444196796400e+00
5.498778444196796400e+00
5.498778444196796400e+00
5.498778444196796400e+00
5.498778444196796400e+00
5.498778444196796400e+00
5.498778444196796400e+00
5.498778444196796400e+00
5.498778444196796400e+00
5.498778444196796400e+00
5.498778444196796400e+00
5.498778444196796400e+00
5.498778444196796400e+00
5.498778444196796400e+00
5.498778444196796400e+00
5.498778444196796400e+00
5.498778444196796400e+00
5.498778444196796400e+00
5.498778444196796400e+00
5.498778444196796400e+00
5.498778444196796400e+00
5.498778444196796400e+00
5.498778444196796400e+00
5.498778444196796400e+00
5.498778444196796400e+00
5.498778444196796400e+00
5.498778444196796400e+00
5.498778444196796400e+00
5.498778444196796400e+00
5.498778444196796400e+00
5.498778444196796400e+00
5.498778444196796400e+00
5.498778444196796400e+00
5.498778444196796400e+00
5.498778444196796400e+00
5.498778444196796400e+00
5.498778444196796400e+00
5.498778444196796400e+00
5.498778444196796400e+00
5.498778444196796400e+00
5.498778444196796400e+00
5.498778444196796400e+00
5.498778444196796400e+00
5.498778444196796400e+00
5.498778444196796400e+00
5.498778444196796400e+00
5.498778444196796400e+00
5.498778444196796400e+00
5.498778444196796400e+00
5.498778444196796400e+00
5.498778444196796400e+00
5.498778444196796400e+00
5.498778444196796400e+00
5.498778444196796400e+00
5.498311760200517817e+00
5.497503797648412238e+00
5.496439333616915057e+00
5.495175882082889096e+00
5.495175882082889096e+00
5.482086028882363848e+00
5.469647043548207854e+00
5.476736696699280316e+00
5.474175102250358194e+00
5.477213524064519667e+00
5.480290935429568577e+00
5.483187892480746228e+00
5.485539084495353990e+00
5.485660947789698483e+00
5.497942433572074350e+00
5.507791882128604044e+00
5.495408768713843983e+00
5.490079037282631802e+00
5.462122937826874747e+00
5.431649942480285098e+00
5.400134031906907772e+00
5.381507718946036967e+00
5.346367852496630491e+00
5.320319599287328671e+00
5.295499977919642554e+00
5.273368712599843633e+00
5.254303816817573747e+00
5.253632942709385745e+00
5.256879241055160357e+00
5.262846077920235288e+00
5.258013630190632171e+00
5.272047603189785825e+00
5.278936980631971032e+00
5.286942960249178647e+00
5.295118641577990282e+00
5.302501198801604865e+00
5.308103373647153234e+00
5.311101169360457952e+00
5.325093712784354949e+00
5.323617060650617461e+00
5.308052349527454083e+00
5.286367666660309439e+00
5.269165938313789432e+00
5.247816198584107639e+00
5.222214184479964771e+00
5.193222714094509307e+00
5.162328818135527797e+00
5.118274975318123587e+00
5.086990677568213215e+00
5.066355293693921347e+00
5.049250077810052417e+00
5.025730586250310772e+00
5.004879448992117119e+00
4.986720515918515950e+00
4.969938610401509749e+00
4.951234022111456134e+00
4.935277899232167975e+00
4.923303284717004402e+00
4.913071362439158207e+00
4.904297776848298263e+00
4.896946438145388214e+00
4.891122711135968082e+00
4.887510805121655366e+00
4.887213936587839314e+00
4.892726468115609961e+00
4.896876140601899685e+00
4.898859469456169791e+00
4.901613335853647335e+00
4.904942957067753184e+00
4.908678662612694588e+00
4.912673353993029401e+00
4.916801989472936008e+00
4.920968487379489886e+00
4.925118159865778722e+00
4.929267832352067558e+00
4.933417504838356393e+00
4.937567177324645229e+00
4.941716849810934065e+00
4.945866522297222900e+00
4.950016194783510848e+00
4.954165867269799683e+00
4.958315539756088519e+00
4.962465212242376467e+00
4.966614884728665302e+00
4.970764557214953250e+00
4.974914229701242085e+00
4.979229795346304499e+00
4.983733422782324674e+00
4.988420201725190850e+00
4.993274940712293386e+00
4.998248323747362498e+00
5.003222811085998423e+00
5.008057416902834014e+00
5.012207089389123738e+00
5.029794107736104358e+00
5.035573546270486034e+00
5.038971530794046139e+00
5.041353588352273540e+00
5.040803598639943317e+00
5.034608841281259295e+00
5.026513847060104290e+00
5.044843637523289459e+00
5.065029412398105890e+00
5.074863061458101399e+00
5.103627092789428055e+00
5.136964452653630886e+00
5.170843800586339967e+00
5.206684263265199064e+00
5.249751808052113944e+00
5.296173134760183920e+00
5.316564130552984047e+00
5.336329885369850423e+00
5.353511580353487176e+00
5.364862508819056686e+00
5.374519461031060708e+00
5.385701655505417129e+00
5.398310634804540875e+00
5.411419347379369249e+00
5.422641368774135273e+00
5.433428133867300502e+00
5.442947863956441701e+00
5.451414250728579880e+00
5.458162554690714430e+00
5.463384944432022827e+00
5.466482707775286443e+00
5.468014108991146038e+00
5.466532518618238967e+00
5.463653007290024455e+00
5.458856970906942330e+00
5.453194085783833245e+00
5.446828383044699962e+00
5.439159976032723165e+00
5.430688854325670611e+00
5.421108715849347170e+00
5.411022868128053886e+00
5.399253897282161319e+00
5.387530227401033933e+00
5.375330914428151807e+00
5.362831637064975787e+00
5.348912781970363461e+00
5.333765006072766823e+00
5.317902729124039496e+00
5.300112359081419200e+00
5.279803569027375687e+00
5.256549143457376339e+00
5.229859182511649607e+00
5.198633807447944122e+00
5.168939709739110100e+00
5.148538396687071028e+00
5.130325120638060454e+00
5.114323588268937293e+00
5.102471318474695039e+00
5.095122424418233820e+00
5.093940663759760845e+00
5.098770673779542406e+00
5.111397972745333362e+00
5.124799366674714030e+00
5.131656934645691948e+00
5.143536088077987678e+00
5.153053177307223898e+00
5.164506421900060928e+00
5.171736230166925630e+00
5.176145664140602065e+00
5.173870618976760483e+00
5.166813581534199784e+00
5.156422347538502038e+00
5.143240751952000700e+00
5.123428388600930639e+00
5.102227658459954185e+00
5.076354937182447458e+00
5.051606177883671833e+00
5.019318474341608827e+00
4.987238746784803389e+00
4.955285768254030110e+00
4.927783113155579819e+00
4.869964154298644488e+00
4.796716519844999915e+00
4.753353888845261999e+00
4.717083534867178685e+00
4.682728614141161039e+00
4.657986900018647347e+00
4.639403684168152964e+00
4.625668905941614284e+00
4.611627793350980831e+00
4.632352306084128735e+00
4.672544205430274822e+00
4.688411036553267408e+00
4.701457165360837465e+00
4.716955915129261712e+00
4.734258896821571305e+00
4.752732521188161918e+00
4.768367826161864720e+00
4.796701344079816742e+00
4.825211911975658019e+00
4.851344895192557516e+00
4.872901295952866363e+00
4.890163642009327738e+00
4.901257632523419616e+00
4.902132967286783938e+00
4.897009947129844498e+00
4.889518553636841069e+00
4.867387159597176272e+00
4.842716942615231446e+00
4.822641180648858494e+00
4.805104854345127130e+00
4.786004064983171880e+00
4.769046402209240476e+00
4.762925898691606541e+00
4.781643912864397272e+00
4.800007931761559377e+00
4.807998016373655759e+00
4.819565530388232766e+00
4.829540329135785015e+00
4.840556434333365132e+00
4.855103509211378565e+00
4.870888441682472703e+00
4.883400795281240825e+00
4.874113454232267273e+00
4.868237558983126156e+00
4.872286018883063896e+00
4.872630288256829090e+00
4.869706600499679183e+00
4.865033072354522758e+00
4.860140059624312947e+00
4.854936766300634865e+00
4.849588177281474621e+00
4.844242768913494146e+00
4.839642914304056909e+00
4.835656139743984561e+00
4.832146231271746473e+00
4.827775744955889792e+00
4.824193803413392878e+00
4.822301168409606653e+00
4.823572052816459177e+00
4.827371067855724007e+00
4.834035142206211333e+00
4.842520971834157528e+00
4.852323482283558143e+00
4.863284257648682996e+00
4.877210608906106692e+00
4.892159905475793380e+00
4.907543217344020547e+00
4.922392163437709911e+00
4.936480387318746388e+00
4.950021951975312362e+00
4.963383123023551668e+00
4.973986067823967794e+00
4.982583810958036707e+00
4.988221457476985421e+00
4.989608641838174208e+00
4.995966973013310941e+00
5.000893313283909514e+00
4.997981397971369866e+00
5.026654684307217735e+00
5.043394473280396362e+00
5.064230023976708850e+00
5.087939615202140331e+00
5.114708744165057830e+00
5.146007684884374989e+00
5.171595876106514389e+00
5.197542518279433033e+00
5.230511898852747699e+00
5.230418348415416752e+00
5.240666935905744950e+00
5.248340997770245764e+00
5.253794814421704373e+00
5.257390737820014870e+00
5.259505955042164338e+00
5.260555296443909512e+00
5.260869930340044576e+00
5.260776379902713629e+00
5.260682829465384458e+00
5.260589279028053511e+00
5.260495728590723452e+00
5.260402178153394281e+00
5.260308627716063334e+00
5.260215077278733276e+00
5.260121526841404105e+00
5.260027976404073158e+00
5.259934425966743987e+00
5.259840875529413928e+00
5.259747325092082981e+00
5.259653774654753811e+00
5.259560224217423752e+00
5.259466673780092805e+00
5.259373123342763634e+00
5.259279572905432687e+00
5.259186022468103516e+00
5.259092472030772569e+00
5.258998921593441622e+00
5.258905371156113340e+00
5.258811820718781505e+00
5.258718270281452334e+00
5.258624719844121387e+00
5.258531169406791328e+00
5.258437618969462157e+00
5.258344068532131210e+00
5.258250518094801151e+00
5.258156967657471981e+00
5.258063417220141034e+00
5.257969866782811863e+00
5.257876316345481804e+00
5.257782765908150857e+00
5.257689215470821686e+00
5.257595665033491628e+00
5.257502114596160681e+00
5.257408564158831510e+00
5.257315013721500563e+00
5.257221463284171392e+00
5.257127912846840445e+00
5.257034362409510386e+00
5.256940811972181216e+00
5.256847261534850269e+00
5.256753711097520210e+00
5.256660160660191039e+00
5.256566610222860092e+00
5.256473059785530921e+00
5.256379509348200862e+00
5.256285958910869915e+00
5.256192408473540745e+00
5.256098858036210686e+00
5.256005307598879739e+00
5.255911757161550568e+00
5.255734554347679222e+00
5.255238180408671411e+00
5.254250812575939733e+00
5.252647391538466159e+00
5.250186321187449323e+00
5.246690348973033657e+00
5.241981539479680485e+00
5.241887989042351315e+00
5.235018596105245337e+00
5.215931679408059018e+00
5.202323308217010833e+00
5.192993770982596402e+00
5.174840806332321463e+00
5.162757319270634859e+00
5.151653421951674083e+00
5.143598185966857805e+00
5.137137762063066049e+00
5.136545993028259538e+00
5.147931547209178227e+00
5.157865451536837398e+00
5.165547399969726783e+00
5.183706136314272683e+00
5.196896760078468347e+00
5.210742429393241615e+00
5.223688420793349607e+00
5.231124916874970054e+00
5.241327646546769081e+00
5.252009621382678795e+00
5.260297595427743111e+00
5.268457498226887026e+00
5.275320027913710241e+00
5.282741494711028274e+00
5.290864621539795642e+00
5.297768840565639792e+00
5.306034973938009713e+00
5.313167997683047261e+00
5.320422331467017152e+00
5.326693659887264509e+00
5.333715197626194282e+00
5.343516149868395182e+00
5.355246370825338609e+00
5.366026655214541918e+00
5.379730734730809871e+00
5.390453562447280689e+00
5.401358320046398376e+00
5.411643404376215827e+00
5.422640679657955154e+00
5.431946770250393186e+00
5.438824446323164530e+00
5.444162847154590423e+00
5.448412502666410973e+00
5.451394092555275961e+00
5.455101488046676828e+00
5.457515449797883278e+00
5.458640915683980133e+00
5.458679606938385831e+00
5.457458533315173277e+00
5.455702179417276199e+00
5.453180385725040047e+00
5.450455911904168005e+00
5.446173256856585709e+00
5.441722475479984666e+00
5.437577910952888338e+00
5.434876408578498186e+00
5.431648504280183865e+00
5.428932341802751083e+00
5.425711594613316535e+00
5.421076384852432817e+00
5.416647749518956445e+00
5.411850811402680428e+00
5.406465110658666973e+00
5.400502624041028099e+00
5.394347420441031993e+00
5.389202399064457083e+00
5.383408883801258149e+00
5.378314587375757405e+00
5.374313206911690344e+00
5.370701735711858049e+00
5.367080338621590840e+00
5.363682478135143761e+00
5.360742912462912457e+00
5.357482199877909856e+00
5.353200799715533975e+00
5.349408098142068191e+00
5.345307367384107167e+00
5.340695665652436475e+00
5.335643780744761422e+00
5.329723199155416147e+00
5.322527741932740142e+00
5.311996734353158445e+00
5.298066740566130584e+00
5.279228659731794338e+00
5.250722028377073691e+00
5.225397235955794528e+00
5.216483661239239566e+00
5.205683433055758869e+00
5.196905450921686764e+00
5.190822938227992900e+00
5.189044340247847664e+00
5.192166899828207782e+00
5.201553734222947867e+00
5.221730028911011345e+00
5.239738624628101249e+00
5.242003343683594885e+00
5.247200414188644579e+00
5.252069407327825346e+00
5.256506144988713380e+00
5.260460968624889766e+00
5.263819288358171811e+00
5.266548490962819962e+00
5.268692722011346419e+00
5.270430055129777358e+00
5.271921183112223019e+00
5.273127467748118136e+00
5.275392186803611771e+00
5.279809776742625971e+00
5.275145928120455352e+00
5.272817534688401864e+00
5.271071446228930313e+00
5.269969041366901585e+00
5.270033386020809729e+00
5.269942001093602890e+00
5.269508698673668334e+00
5.265065291845836271e+00
5.255190191764111951e+00
5.251169314738057814e+00
5.240805015632076902e+00
5.225939101607472992e+00
5.204898217669451377e+00
5.183673480741723516e+00
5.141932071053251008e+00
5.110042728482695473e+00
5.078591104346846130e+00
5.048411105454409409e+00
5.019889728990754918e+00
4.994317512314129459e+00
4.972036178166885811e+00
4.955031414677266710e+00
4.937085424129912248e+00
4.940146528294778072e+00
4.934070813415378787e+00
4.930597537323948565e+00
4.929219945593852792e+00
4.929472855521980890e+00
4.930931690875425488e+00
4.933223172769584330e+00
4.936024930086150952e+00
4.939086034251015889e+00
4.942147138415879937e+00
4.945208242580744873e+00
4.948269346745609809e+00
4.951330450910475633e+00
4.954391555075340570e+00
4.957452659240206394e+00
4.960513763405071330e+00
4.963574867569935378e+00
4.966635971734800314e+00
4.969697075899666139e+00
4.972813944157238097e+00
4.976143586014366349e+00
4.979806037863402146e+00
4.983883345001197895e+00
4.988443696369437852e+00
4.993536703748245209e+00
4.999130863185148321e+00
5.002191967350012369e+00
5.009769963024088391e+00
5.025493073151164225e+00
5.038008587404145366e+00
5.047114012929874605e+00
5.054682218398291127e+00
5.060262629549723279e+00
5.058740010350255112e+00
5.055056880995653756e+00
5.067709796379512355e+00
5.079538977498201824e+00
5.084271039267389547e+00
5.093615907800308484e+00
5.108926487156658425e+00
5.128181254442446324e+00
5.150510644014421047e+00
5.180281185314316694e+00
5.212659565618989355e+00
5.231766877578747810e+00
5.247394214772755028e+00
5.261508881067025634e+00
5.272676334376513729e+00
5.271101715940688770e+00
5.262234395356223615e+00
5.267522347030929808e+00
5.272078697803683767e+00
5.276811667858396504e+00
5.282235079815517764e+00
5.288756888537080592e+00
5.296858952213566951e+00
5.307239635192221527e+00
5.328156347273750981e+00
5.353733303111400943e+00
5.363205525427307663e+00
5.371738282009848042e+00
5.377890445594736057e+00
5.392669273693889487e+00
5.389705104988752993e+00
5.381726865943295302e+00
5.372846896320491616e+00
5.357197682222924584e+00
5.342047114809736819e+00
5.325926931304064027e+00
5.308995960607925113e+00
5.290897956302192284e+00
5.260250807995331179e+00
5.243211422517187081e+00
5.226468298209994146e+00
5.204234553551189357e+00
5.183184626462002953e+00
5.173234148537361854e+00
5.188441962308067978e+00
5.210677367158938367e+00
5.240426435832267416e+00
5.277133929716502081e+00
5.353351329027260519e+00
5.400402036093517211e+00
5.452160182869564942e+00
5.506297038135024913e+00
5.544474233871246049e+00
5.553347529259651694e+00
5.550336258496822772e+00
5.535165117102368804e+00
5.508462182577782862e+00
5.437993189437175801e+00
5.388002257927361427e+00
5.327458191161695389e+00
5.268604479923751249e+00
5.211328126934350990e+00
5.155640842136646640e+00
5.104393345175869179e+00
5.060079658588716001e+00
5.023106794849327983e+00
4.993055093215092555e+00
4.975040098734033300e+00
4.968122478102058537e+00
4.957424242587639363e+00
4.944123476407940920e+00
4.937638896979369640e+00
4.935957917809363771e+00
4.932806331708762926e+00
4.928634474978206725e+00
4.924116517490673139e+00
4.917776596579292558e+00
4.909074388083372931e+00
4.905350958277724160e+00
4.913842475408937815e+00
4.917143033268094321e+00
4.917206729840109425e+00
4.921135000501793755e+00
4.926897385770815596e+00
4.933612147154534888e+00
4.943009655552241810e+00
4.954828959004550448e+00
4.965952303578699656e+00
4.967294160342550668e+00
4.962173593994348764e+00
4.952512162098927639e+00
4.943966664044544324e+00
4.938012963424417201e+00
4.931286430075392246e+00
4.923789741886745119e+00
4.916534438244853256e+00
4.909928007853493703e+00
4.906597743593669847e+00
4.912675451889869649e+00
4.924457172130995986e+00
4.933532118966255098e+00
4.939802290665435081e+00
4.947065870294138357e+00
4.955105415291983562e+00
4.963703554833521991e+00
4.972652794378374708e+00
4.981757984734971778e+00
4.990866348525859308e+00
5.000097231561828615e+00
5.009611831777931457e+00
5.019525539917744084e+00
5.029936062164204635e+00
5.040923236153807885e+00
5.052563266636010297e+00
5.064913771362475892e+00
5.073988718197735892e+00
5.095694497290519820e+00
5.114963767258234206e+00
5.132945710942564688e+00
5.149096097291145036e+00
5.163302317271279307e+00
5.176637621658151112e+00
5.187814522731310163e+00
5.191574348585271004e+00
5.203609380633584358e+00
5.202732775147755007e+00
5.204117081462828587e+00
5.206706892095096073e+00
5.211214342616955264e+00
5.217804475602298986e+00
5.225373567313186918e+00
5.235076740737511614e+00
5.252000486989749639e+00
5.264202204724123924e+00
5.276706137975926580e+00
5.292194384721723210e+00
5.315337278680758892e+00
5.330493913180294641e+00
5.340151870959057412e+00
5.342723980811347140e+00
5.343294535339148332e+00
5.342044887994116920e+00
5.339835205396832762e+00
5.336928891463967872e+00
5.330950045101438661e+00
5.317413577653266721e+00
5.311953369114159607e+00
5.311373408955996744e+00
5.316826598447140562e+00
5.322666178029431983e+00
5.326156125172596845e+00
5.325961648649387925e+00
5.324661673780478388e+00
5.325299475095732760e+00
5.328683377301048019e+00
5.334158327431303803e+00
5.340394146721738622e+00
5.346909933417991923e+00
5.353919710992297354e+00
5.364336811713707576e+00
5.378281685058639461e+00
5.392953548646857165e+00
5.404489063408552063e+00
5.411604753720840932e+00
5.414844147093909932e+00
5.416272937515245189e+00
5.417053313774843559e+00
5.417760054010566151e+00
5.418256969685886659e+00
5.419281002493587351e+00
5.419043147056000542e+00
5.418429423523750899e+00
5.415077589557437676e+00
5.409369292121547268e+00
5.401806251606334541e+00
5.381569708584126310e+00
5.360268225470002257e+00
5.337713783833796022e+00
5.328496216276262132e+00
5.319128892179872281e+00
5.311189594746466014e+00
5.307253107304442885e+00
5.306871066642851353e+00
5.309423133066323963e+00
5.325459255119552537e+00
5.343067323745398056e+00
5.362178547435155984e+00
5.367891265442843007e+00
5.375695776451017593e+00
5.383381000611523248e+00
5.390802746451664795e+00
5.397862987087278519e+00
5.404503114666002972e+00
5.410695558298784569e+00
5.416573689956869053e+00
5.422167186006459971e+00
5.427493844731926309e+00
5.432407155609656257e+00
5.436744500126774682e+00
5.440325749799462152e+00
5.442949399151326695e+00
5.444391781750534065e+00
5.450104499758221976e+00
5.446160239160147576e+00
5.440035334477504314e+00
5.434266759354948739e+00
5.427606784949730923e+00
5.420104469258700597e+00
5.411626712013321239e+00
5.402311517698659138e+00
5.391707464760576052e+00
5.374900927714055143e+00
5.365397978600378259e+00
5.356139124533066287e+00
5.344301176686737875e+00
5.331203253988601176e+00
5.317061906116568260e+00
5.302026463731719375e+00
5.286298333192130272e+00
5.270290578229249512e+00
5.252900520372163484e+00
5.235346022445884984e+00
5.218279651856158274e+00
5.201580250956059359e+00
5.185298649014888461e+00
5.169307310066042049e+00
5.152994323461313364e+00
5.136381734471769711e+00
5.120972643202748031e+00
5.107053187767662372e+00
5.093273752484351213e+00
5.075674282995255915e+00
5.056205960821416490e+00
5.032568726661157399e+00
5.011624530113477860e+00
4.994574048592377302e+00
4.979652136902992687e+00
4.962300779697506492e+00
4.945443970741101758e+00
4.931589146908212484e+00
4.925216343719428735e+00
4.923158280733137993e+00
4.927745255209318387e+00
4.938327701492225330e+00
4.948899101452078675e+00
4.951181865097000312e+00
4.971308871491341819e+00
4.993552813515992561e+00
5.023044253816632221e+00
5.060159524961098221e+00
5.095464130562317173e+00
5.131763363559030289e+00
5.164887692909546857e+00
5.198796453803697482e+00
5.242283291461527384e+00
5.271811555912207403e+00
5.300356894747865866e+00
5.320054780527651239e+00
5.329172475199272618e+00
5.338510444758875373e+00
5.344654740295022854e+00
5.345256982203445695e+00
5.340802329095684087e+00
5.330351301325048752e+00
5.315520689015199807e+00
5.298590776021629090e+00
5.282065791008722755e+00
5.266124881601239593e+00
5.251376341524623292e+00
5.238192940626402283e+00
5.226302752000031582e+00
5.215769737037105891e+00
5.207579847288697827e+00
5.201312959192287977e+00
5.195470980552263640e+00
5.188888099295001055e+00
5.181276845175744938e+00
5.172195952059905011e+00
5.161327076647861389e+00
5.149923124607572511e+00
5.139213202024276228e+00
5.130813556340995341e+00
5.124287955792913962e+00
5.117991442086766263e+00
5.110628193656713059e+00
5.103081670072164400e+00
5.097699227669441058e+00
5.093669583878476459e+00
5.089842839544362008e+00
5.085892091180059360e+00
5.081200517340018763e+00
5.075842715649408809e+00
5.070299375588517954e+00
5.065560037198388876e+00
5.060633277215881520e+00
5.052670798374434113e+00
5.043622528902074187e+00
5.034510525422948746e+00
5.025319201427974392e+00
5.017949608402322070e+00
5.010268691822216347e+00
5.003335007827792502e+00
4.997481323986052715e+00
4.994184032380798222e+00
4.993631247401875584e+00
4.994627370420094081e+00
4.995925862256803462e+00
4.997035500918986628e+00
4.996046318969029620e+00
4.995556684960752669e+00
4.995001259870108790e+00
4.991484156217826929e+00
4.984624758985459536e+00
4.968817491554493593e+00
4.955929259633169437e+00
4.942118903709693534e+00
4.928232372350387358e+00
4.914480935374315962e+00
4.900434389294234805e+00
4.886234732272971115e+00
4.874336917335809538e+00
4.863861148358699538e+00
4.861058650152781269e+00
4.854667752617392473e+00
4.849253091719734066e+00
4.844646519059691236e+00
4.840688922197666777e+00
4.837230868572839348e+00
4.834125449502580274e+00
4.831228219558745707e+00
4.828425721352827438e+00
4.825623223146908281e+00
4.822820724940990011e+00
4.820018226735070854e+00
4.817308921320616832e+00
4.814903856128345261e+00
4.813088814174421692e+00
4.812372796388745044e+00
4.813318970967040755e+00
4.816506228433954817e+00
4.822530258325667063e+00
4.819727760119747906e+00
4.824473878022446982e+00
4.838673028913198948e+00
4.858621522003148563e+00
4.896060642866917334e+00
4.936788288094613009e+00
4.977127249600678205e+00
5.016585848152669946e+00
5.054728603184312163e+00
5.101348967575478177e+00
5.141231299368108409e+00
5.172708776307080925e+00
5.199177922302125054e+00
5.208875501585398027e+00
5.215552561373952400e+00
5.222225054355059903e+00
5.229022360277493675e+00
5.234687882271643389e+00
5.240786018740108076e+00
5.246349155952761301e+00
5.250906035712973541e+00
5.254282150090899606e+00
5.255551554848858942e+00
5.253872467343059682e+00
5.248140077175651008e+00
5.236829374854331753e+00
5.214695514588633785e+00
5.179392658988684062e+00
5.161284504824890540e+00
5.143159709295724191e+00
5.124729715969440491e+00
5.106847835260448498e+00
5.090478936102174501e+00
5.076987102137537455e+00
5.067807242288523639e+00
5.069356231829922343e+00
5.084231863254426997e+00
5.081663189481009368e+00
5.079002024092043932e+00
5.076807550897532550e+00
5.074888570897797102e+00
5.073064053066149270e+00
5.071172811360078470e+00
5.068994114650688054e+00
5.066464597747765808e+00
5.063907193353139213e+00
5.061633744584718819e+00
5.059713598953395675e+00
5.058209051086032026e+00
5.057187003916493673e+00
5.054618330143075156e+00
5.044416163052584778e+00
5.042936117883845881e+00
5.062368172772846897e+00
5.067603216973701308e+00
5.070356466577423227e+00
5.072185129437699835e+00
5.073971467401297453e+00
5.074548547045990787e+00
5.076300962853180110e+00
5.085228586479848545e+00
5.084404307830342695e+00
5.062197676684743186e+00
5.053056410473741877e+00
5.045323437273292022e+00
5.037200663542283685e+00
5.027396012720412699e+00
5.017776841666510279e+00
5.008310555718136214e+00
4.999150826623864674e+00
4.990690631770558383e+00
4.982724093540712218e+00
4.976006077993996080e+00
4.970055999853288498e+00
4.965412354188618593e+00
4.962063158046735367e+00
4.959686108682300976e+00
4.957766607032151995e+00
4.956295846694285245e+00
4.954860805504454291e+00
4.954340791299567393e+00
4.954032843878253267e+00
4.954293169545422870e+00
4.955182816662541789e+00
4.958282550683070333e+00
4.963102262087084604e+00
4.966763757604970131e+00
4.972388709245689320e+00
4.977473246831731757e+00
4.981069540717243171e+00
4.984846173132419622e+00
4.985015333511752189e+00
4.979222798919978210e+00
4.974491958107615908e+00
4.967229714940658347e+00
4.960633170644548784e+00
4.951633801068111573e+00
4.943555365176315775e+00
4.936218278526123271e+00
4.928399211831764326e+00
4.923964718448231359e+00
4.924907400943212110e+00
4.922982608152651096e+00
4.921828522105357706e+00
4.921317961391399542e+00
4.921339907862630980e+00
4.921760253024049625e+00
4.922461176434661745e+00
4.923337474042252637e+00
4.924280156537233388e+00
4.925222839032213251e+00
4.926165521527194002e+00
4.927108204022173865e+00
4.928050886517154616e+00
4.928993569012135367e+00
4.929936251507115230e+00
4.930878934002095093e+00
4.931821616497076732e+00
4.932764298992056595e+00
4.933706981487038234e+00
4.934649663982018097e+00
4.935592346476997960e+00
4.936535028971977823e+00
4.937477711466958574e+00
4.938420393961938437e+00
4.939436659501484250e+00
4.940584085117473379e+00
4.941899212319565748e+00
4.943430547733843383e+00
4.945207212103508887e+00
4.947240163766013055e+00
4.949518397759803179e+00
4.950461080254784818e+00
4.957363989359543588e+00
4.962896828392153736e+00
4.966594630048413173e+00
4.971093904549138465e+00
4.973806714324062739e+00
4.974803040277886446e+00
4.973764051719775203e+00
4.971713012220649652e+00
4.970346457748205715e+00
4.962642496950274484e+00
4.955526807063710848e+00
4.950032049109985621e+00
4.943541660191434595e+00
4.938199039832383619e+00
4.934149809034838796e+00
4.931518716946794889e+00
4.929003797957318689e+00
4.926155389219925240e+00
4.923093931448716098e+00
4.920493003341118055e+00
4.917655028249941829e+00
4.914654590257153011e+00
4.911943919817865378e+00
4.908791898098817441e+00
4.905415568621048550e+00
4.902476534483225734e+00
4.900120653646886204e+00
4.897613215221351624e+00
4.894446277602725104e+00
4.889651510314589444e+00
4.883147597105232940e+00
4.868983392243069197e+00
4.856352025908108772e+00
4.847486015060567865e+00
4.837787016231899884e+00
4.827509214466086718e+00
4.817078915944814632e+00
4.806772708455150145e+00
4.798309580486201043e+00
4.791639775374900267e+00
4.792658239817578547e+00
4.792658239817578547e+00
4.789373338099030875e+00
4.787029982033383924e+00
4.785562089324001178e+00
4.784883737209355559e+00
4.784883737209355559e+00
4.784883737209355559e+00
4.784883737209355559e+00
4.784883737209355559e+00
4.784883737209355559e+00
4.784883737209355559e+00
4.784883737209355559e+00
4.784883737209355559e+00
4.784883737209355559e+00
4.784883737209355559e+00
4.784883737209355559e+00
4.784883737209355559e+00
4.784883737209355559e+00
4.784883737209355559e+00
4.784883737209355559e+00
4.784883737209355559e+00
4.784883737209355559e+00
4.784883737209355559e+00
4.784883737209355559e+00
4.784883737209355559e+00
4.784883737209355559e+00
4.784883737209355559e+00
4.784883737209355559e+00
4.784883737209355559e+00
4.784883737209355559e+00
4.784883737209355559e+00
4.784883737209355559e+00
4.784883737209355559e+00
4.784883737209355559e+00
4.784883737209355559e+00
4.784883737209355559e+00
4.784883737209355559e+00
4.784883737209355559e+00
4.784883737209355559e+00
4.784883737209355559e+00
4.784883737209355559e+00
4.784883737209355559e+00
4.784883737209355559e+00
4.784883737209355559e+00
4.784883737209355559e+00
4.784883737209355559e+00
4.784883737209355559e+00
4.784883737209355559e+00
4.784883737209355559e+00
4.784883737209355559e+00
4.784883737209355559e+00
4.784883737209355559e+00
4.784883737209355559e+00
4.784883737209355559e+00
4.784883737209355559e+00
4.784883737209355559e+00
4.784883737209355559e+00
4.784883737209355559e+00
4.784883737209355559e+00
4.784883737209355559e+00
4.784883737209355559e+00
4.784883737209355559e+00
4.784883737209355559e+00
4.784883737209355559e+00
4.784883737209355559e+00
4.784883737209355559e+00
4.784883737209355559e+00
4.784883737209355559e+00
4.784883737209355559e+00
4.784883737209355559e+00
4.784883737209355559e+00
4.784883737209355559e+00
4.784883737209355559e+00
4.784883737209355559e+00
4.784883737209355559e+00
4.784883737209355559e+00
4.784883737209355559e+00
4.784883737209355559e+00
4.784883737209355559e+00
4.784883737209355559e+00
4.784883737209355559e+00
4.784883737209355559e+00
4.784883737209355559e+00
4.784883737209355559e+00
4.784883737209355559e+00
4.784883737209355559e+00
4.784883737209355559e+00
4.784883737209355559e+00
4.784883737209355559e+00
4.784883737209355559e+00
4.784883737209355559e+00
4.784883737209355559e+00
4.784883737209355559e+00
4.784883737209355559e+00
4.784883737209355559e+00
4.784883737209355559e+00
4.784883737209355559e+00
4.784883737209355559e+00
4.784883737209355559e+00
4.784883737209355559e+00
4.784883737209355559e+00
4.784883737209355559e+00
4.784883737209355559e+00
4.784883737209355559e+00
4.784883737209355559e+00
4.784883737209355559e+00
4.784883737209355559e+00
4.784883737209355559e+00
4.784883737209355559e+00
4.784883737209355559e+00
4.784883737209355559e+00
4.784883737209355559e+00
4.784883737209355559e+00
4.784883737209355559e+00
4.784883737209355559e+00
