5.196750926718056718e+00
5.196750926718056718e+00
5.196750926718057606e+00
5.196750926718056718e+00
5.196750926718056718e+00
5.196750926718056718e+00
5.196750926718056718e+00
5.196750926718056718e+00
5.196750926718056718e+00
5.196750926718056718e+00
5.196750926718056718e+00
5.196750926718056718e+00
5.196750926718056718e+00
5.196750926718056718e+00
5.196750926718056718e+00
5.196750926718056718e+00
5.196750926718056718e+00
5.196750926718056718e+00
5.196750926718056718e+00
5.196750926718056718e+00
5.196750926718056718e+00
5.196750926718056718e+00
5.196750926718056718e+00
5.196750926718056718e+00
5.196750926718056718e+00
5.196750926718056718e+00
5.196750926718056718e+00
5.196750926718056718e+00
5.196750926718056718e+00
5.196750926718056718e+00
5.196750926718056718e+00
5.196750926718056718e+00
5.196750926718056718e+00
5.196750926718056718e+00
5.196750926718056718e+00
5.196750926718056718e+00
5.196750926718056718e+00
5.196750926718056718e+00
5.196750926718056718e+00
5.196750926718056718e+00
5.196750926718056718e+00
5.196750926718056718e+00
5.196750926718056718e+00
5.196750926718056718e+00
5.196750926718056718e+00
5.196750926718056718e+00
5.196750926718056718e+00
5.196750926718056718e+00
5.196750926718056718e+00
5.196750926718056718e+00
5.196750926718056718e+00
5.196750926718056718e+00
5.196750926718056718e+00
5.196750926718056718e+00
5.196750926718056718e+00
5.196750926718056718e+00
5.196750926718056718e+00
5.196750926718056718e+00
5.196750926718056718e+00
5.196750926718056718e+00
5.196750926718056718e+00
5.196750926718056718e+00
5.196750926718056718e+00
5.196750926718056718e+00
5.196750926718056718e+00
5.196877351853250282e+00
5.197120782795666472e+00
5.197488348601787322e+00
5.198002869848705743e+00
5.198002869848705743e+00
5.204807717033221870e+00
5.206262696446220417e+00
5.204127457021833436e+00
5.203692000932410799e+00
5.204194758303535728e+00
5.205453510184465671e+00
5.207846239702466740e+00
5.210910705108942942e+00
5.215996049807357871e+00
5.215073626660842621e+00
5.219999563861283498e+00
5.228766843798620556e+00
5.235019784934409337e+00
5.237733176873469176e+00
5.240891164615764986e+00
5.246708667735840770e+00
5.251575199629815671e+00
5.256351525704327621e+00
5.261017011130735277e+00
5.265412831945213590e+00
5.270311081545776766e+00
5.276244429257761936e+00
5.285015951792098043e+00
5.292638838291320980e+00
5.297915582989688232e+00
5.308435172071179764e+00
5.318301092693699772e+00
5.328249645030641801e+00
5.338025691839818343e+00
5.347772171720225565e+00
5.359425917589462962e+00
5.369593369181395737e+00
5.380707077885603873e+00
5.390820652088294196e+00
5.396670981111987508e+00
5.402725575373597877e+00
5.407745066748163687e+00
5.413255441144505298e+00
5.417107618880162789e+00
5.415083095116488110e+00
5.411919050789941288e+00
5.409199050169612555e+00
5.405101765681170178e+00
5.400350136477509722e+00
5.394438747447800608e+00
5.389329913135339822e+00
5.383672064407460489e+00
5.379235126886746876e+00
5.378102885727034987e+00
5.380374940237590664e+00
5.382960184245153101e+00
5.386271019509403679e+00
5.390090165160641433e+00
5.393842352022108599e+00
5.396756543722383448e+00
5.399178493441996629e+00
5.401091589887993649e+00
5.402707520433406074e+00
5.402893060089230204e+00
5.399735683896506266e+00
5.395490722580240650e+00
5.390584493653903131e+00
5.385177185659562937e+00
5.379562260039677746e+00
5.373809649518104692e+00
5.367573874077905316e+00
5.360033953366938775e+00
5.342430066335527528e+00
5.317844453633750135e+00
5.299908061071175958e+00
5.282079324370134721e+00
5.288338610737557843e+00
5.284800810462761511e+00
5.285834599930665512e+00
5.283246794511892830e+00
5.283166843003305857e+00
5.293798540675274111e+00
5.313018430901456313e+00
5.326573728611487368e+00
5.339554508532458499e+00
5.328547830262086116e+00
5.327249477129675448e+00
5.321356494215451427e+00
5.319135648197481636e+00
5.315797680065980302e+00
5.311445899033148343e+00
5.306303340685006198e+00
5.300689304993238871e+00
5.294847337980645108e+00
5.289011078890888840e+00
5.283118095976665707e+00
5.277225113062442574e+00
5.271332130148220330e+00
5.265439147233996309e+00
5.259546164319774064e+00
5.253653181405550043e+00
5.247760198491326911e+00
5.241867215577104666e+00
5.235974232662880645e+00
5.230081249748658401e+00
5.224188266834435268e+00
5.218768973286149304e+00
5.214048311414578585e+00
5.210273080452086703e+00
5.207694419855933177e+00
5.206554471268750817e+00
5.207086383404078589e+00
5.209521805590333621e+00
5.203628822676111376e+00
5.236104678402822898e+00
5.247958333295638766e+00
5.260883767160258628e+00
5.273215328332240937e+00
5.283621496153366515e+00
5.291860524708564384e+00
5.298306242346686901e+00
5.303000688789044403e+00
5.315949354137108784e+00
5.290211738647684570e+00
5.284746193291662841e+00
5.278642809652634327e+00
5.271657014781651718e+00
5.265160912357949030e+00
5.259948674817496617e+00
5.255280436674364175e+00
5.249846689326343352e+00
5.242794341226947985e+00
5.230901314225258503e+00
5.213947171024057248e+00
5.199247232418642284e+00
5.188951415943590106e+00
5.182923814179104305e+00
5.179105450677495170e+00
5.175676640390898697e+00
5.173534586429328286e+00
5.173586857248140269e+00
5.179158423812046053e+00
5.190371529766725445e+00
5.198208997574351287e+00
5.202424414972494304e+00
5.202759940306803443e+00
5.200526906837725782e+00
5.197066375120609649e+00
5.193196462925845580e+00
5.189465657424381817e+00
5.185898013872396461e+00
5.182137023168326806e+00
5.178962926163128699e+00
5.175439331287781108e+00
5.170242277591381885e+00
5.161532545616452694e+00
5.153089383841280124e+00
5.151728148261438989e+00
5.148744433000612020e+00
5.145458006592295241e+00
5.141125920941495231e+00
5.136106046491881294e+00
5.131326281552438751e+00
5.128485836396501796e+00
5.129389139328214497e+00
5.130803281590584852e+00
5.124637545318318388e+00
5.119963974493148662e+00
5.115655488401769091e+00
5.112603784309884603e+00
5.110419931123424853e+00
5.108408057104830924e+00
5.114002330520289519e+00
5.112949597284331738e+00
5.112221186807804685e+00
5.113347105008241300e+00
5.115022451901491962e+00
5.116684493990849347e+00
5.117244828959246483e+00
5.118171536475407457e+00
5.120001117900097931e+00
5.114232003465488674e+00
5.113868706942224840e+00
5.112575875803234027e+00
5.108175298380037255e+00
5.099085639770721379e+00
5.088576601197967619e+00
5.085714015920940412e+00
5.082674643281656301e+00
5.077305046774848840e+00
5.071951392346105258e+00
5.067850929772975022e+00
5.064421301224841798e+00
5.062889768384719602e+00
5.065360975082360717e+00
5.068967105313716637e+00
5.065498520314935860e+00
5.061244345274698908e+00
5.058285800443975688e+00
5.055070898652264333e+00
5.051598896613889167e+00
5.047881348470438567e+00
5.043935058831653606e+00
5.039797441618541818e+00
5.035552965220792210e+00
5.031298790180556146e+00
5.027044615140321859e+00
5.022790440100084908e+00
5.018536265059849732e+00
5.014282090019613669e+00
5.010027914979378494e+00
5.005773739939142430e+00
5.001519564898906367e+00
4.997265389858670304e+00
4.993011214818435128e+00
4.988757039778199065e+00
4.984502864737963002e+00
4.980248689697727826e+00
4.975994514657491763e+00
4.971740339617255700e+00
4.967788376910598380e+00
4.964214240391258137e+00
4.961056448229969718e+00
4.958436195611792385e+00
4.956463269399601579e+00
4.955207848057209929e+00
4.954800706644661545e+00
4.950546531604426370e+00
4.970771555583961998e+00
4.972339890363108417e+00
4.970525648631502591e+00
4.974991900702113945e+00
4.977996539132505838e+00
4.977145570833356736e+00
4.980485421958597669e+00
4.980072099097008653e+00
4.986619380188115791e+00
4.968813870888250328e+00
4.968683078405115694e+00
4.969119525048867558e+00
4.961865028879836714e+00
4.955387397045373454e+00
4.955236247561476404e+00
4.953773710299915756e+00
4.958706802890686660e+00
4.956825865199320447e+00
4.954067142943886282e+00
4.968429059477703191e+00
4.985528749150256900e+00
5.008554616901124135e+00
5.041124489505950379e+00
5.067426746232629675e+00
5.093907708063071027e+00
5.120616713372630358e+00
5.154890042922247950e+00
5.193578355469014696e+00
5.218720773517684819e+00
5.245216021347170354e+00
5.268525951690394393e+00
5.284270322540207232e+00
5.304488988963830032e+00
5.322740284254105170e+00
5.338568376760291834e+00
5.351290694169033024e+00
5.361450670799626117e+00
5.370889096900222981e+00
5.380080607825592054e+00
5.389146527973549539e+00
5.397728324671214217e+00
5.406547917298783368e+00
5.414611331243499137e+00
5.422237559706998944e+00
5.430774840438661322e+00
5.439084791995390411e+00
5.446360026833716006e+00
5.452732650970559369e+00
5.458706328566315769e+00
5.463847644544483018e+00
5.468112729414579043e+00
5.471138187068183889e+00
5.472992541612608619e+00
5.472283850737584388e+00
5.468130818757044764e+00
5.454451491990993439e+00
5.440589513280326805e+00
5.423508297995900840e+00
5.404610705299661255e+00
5.386005186238183029e+00
5.366133731415558827e+00
5.345905600658739765e+00
5.327104676017602181e+00
5.310816716665275550e+00
5.303904816713259862e+00
5.294603573752951320e+00
5.288033185597530661e+00
5.284553055314157533e+00
5.282965163544400156e+00
5.288190099855293091e+00
5.296512883254474779e+00
5.304549178835802792e+00
5.315797965448211926e+00
5.328631283584646106e+00
5.344947466730318730e+00
5.360293578149302185e+00
5.374340744024267202e+00
5.386620871456721638e+00
5.394141258663511351e+00
5.398852173678085009e+00
5.402729997077220681e+00
5.402093670001663739e+00
5.396252779809437961e+00
5.385723587958620051e+00
5.372860658761865693e+00
5.356645923105771701e+00
5.336138530700856641e+00
5.313277676200178767e+00
5.290534676377398604e+00
5.267057670526671842e+00
5.243982197803187084e+00
5.223158761104006231e+00
5.204862638615911585e+00
5.188546716540901826e+00
5.174983370361806223e+00
5.164127186394494196e+00
5.153963196314712114e+00
5.143723973195530874e+00
5.133981100356010963e+00
5.125252982291280901e+00
5.116504517309143907e+00
5.107923433075963970e+00
5.100336423874107794e+00
5.093461959516371707e+00
5.086788137959739942e+00
5.079979236884076599e+00
5.071217815727381506e+00
5.063015184577323247e+00
5.053897748650215682e+00
5.043016265186260227e+00
5.030238396229406383e+00
5.005765941394082041e+00
4.957679599395875769e+00
4.935104604972381459e+00
4.919658203943713559e+00
4.905301862054199269e+00
4.891928003787163526e+00
4.880297727407956643e+00
4.871866506605766922e+00
4.867059596512740782e+00
4.874765910206281916e+00
4.906631994850351397e+00
4.914049746149079745e+00
4.916253143097557121e+00
4.920374900486302217e+00
4.924496825276374778e+00
4.928450291203899880e+00
4.932086117968276895e+00
4.935290698311052715e+00
4.937970412764419059e+00
4.940137440662722312e+00
4.942109353135101024e+00
4.943922875784086735e+00
4.945505854145602953e+00
4.946756534476572043e+00
4.947552651926866218e+00
4.949756048875343595e+00
4.950385392578783517e+00
4.947596081359193043e+00
4.945896421122412789e+00
4.946091722001838775e+00
4.942840481659686702e+00
4.937422244005760241e+00
4.930674904711472628e+00
4.921583066232347647e+00
4.909003527069261352e+00
4.894896854663530306e+00
4.879906413878324578e+00
4.870758639838349779e+00
4.868135586921473745e+00
4.867342397867453485e+00
4.865737946148863458e+00
4.863025759868469855e+00
4.862368917423039782e+00
4.864849792944442974e+00
4.866199354745829986e+00
4.875816613516759546e+00
4.878719307976916220e+00
4.873599348645945462e+00
4.870740339389326934e+00
4.871761115127924313e+00
4.876354905926245209e+00
4.882582426159273403e+00
4.888707026609897532e+00
4.900083340231950579e+00
4.908533025906809399e+00
4.917865482167257163e+00
4.927950863624117162e+00
4.938569575152471636e+00
4.949536518913157046e+00
4.960718794810556886e+00
4.972030272467531375e+00
4.983406586089586199e+00
4.994782899711641022e+00
5.006159213333693181e+00
5.017535526955748892e+00
5.028911840577801939e+00
5.040288154199856763e+00
5.051664467821911586e+00
5.063040781443963745e+00
5.074417095066019456e+00
5.085685739429217200e+00
5.096722898921565381e+00
5.107313010352154237e+00
5.117300823671415699e+00
5.126503335074985124e+00
5.134704615131359340e+00
5.141664915109142697e+00
5.153041228731195744e+00
5.155696332385923952e+00
5.157151250695299893e+00
5.151406099983401710e+00
5.150993361781980973e+00
5.148934867553191630e+00
5.144994699442042574e+00
5.140126399386610423e+00
5.134723652114554504e+00
5.122654614471600532e+00
5.116953962596462624e+00
5.109581931773579555e+00
5.107175813129427588e+00
5.097541514056069367e+00
5.087632293075215806e+00
5.078516691851076459e+00
5.069015350820295751e+00
5.058782620814908704e+00
5.048300671174805743e+00
5.036775343067473543e+00
5.025534944228032153e+00
5.014879495444199087e+00
5.005165909948954273e+00
4.994455086068602334e+00
4.983752943685646031e+00
4.973777712379227722e+00
4.963932649852529799e+00
4.954547794524335025e+00
4.946816240511250129e+00
4.938082723816473063e+00
4.929967551861459185e+00
4.921364177275910912e+00
4.913540534386390490e+00
4.905242920560276332e+00
4.896346804650807627e+00
4.887382549630590489e+00
4.877195486692368576e+00
4.864502112117599530e+00
4.854050427616905417e+00
4.850553786691815361e+00
4.855719043555124514e+00
4.865016228561952261e+00
4.870870083783886528e+00
4.872502840441566896e+00
4.870830837105072142e+00
4.867790655822560097e+00
4.870934855679226239e+00
4.846312743182325633e+00
4.804566227970297199e+00
4.767359075893559783e+00
4.735840475575113118e+00
4.708846713636002157e+00
4.687643346090998087e+00
4.672119307381120912e+00
4.661618074852309945e+00
4.649966340807223375e+00
4.668722739543095024e+00
4.700126463509782582e+00
4.721307494968138840e+00
4.736497942352878354e+00
4.753837230471368080e+00
4.772475665759612795e+00
4.791632359356582604e+00
4.810562785070635172e+00
4.828553566632684202e+00
4.844841842394334464e+00
4.858944861975315277e+00
4.880125893433671536e+00
4.885292476025438368e+00
4.889664865537559635e+00
4.892520894425810951e+00
4.892124712390904406e+00
4.889455135784729123e+00
4.884867389122735659e+00
4.874263028198488001e+00
4.859542460673584863e+00
4.839491427264134948e+00
4.832019209454729847e+00
4.822117174749523727e+00
4.810767181879104903e+00
4.800025322258614224e+00
4.790126559091209657e+00
4.781036908650008854e+00
4.777215099888853622e+00
4.777215099888852734e+00
4.773114105956209663e+00
4.770095297350291474e+00
4.768144760025268880e+00
4.767212757747761209e+00
4.767212757747761209e+00
4.767212757747761209e+00
4.767212757747761209e+00
4.767212757747761209e+00
4.767212757747761209e+00
4.767212757747761209e+00
4.767212757747761209e+00
4.767212757747761209e+00
4.767212757747761209e+00
4.767212757747761209e+00
4.767212757747761209e+00
4.767212757747761209e+00
4.767212757747761209e+00
4.767212757747761209e+00
4.767212757747761209e+00
4.767212757747761209e+00
4.767212757747761209e+00
4.767212757747761209e+00
4.767212757747761209e+00
4.767212757747761209e+00
4.767212757747761209e+00
4.767212757747761209e+00
4.767212757747761209e+00
4.767212757747761209e+00
4.767212757747761209e+00
4.767212757747761209e+00
4.767212757747761209e+00
4.767212757747761209e+00
4.767212757747761209e+00
4.767212757747761209e+00
4.767212757747761209e+00
4.767212757747761209e+00
4.767212757747761209e+00
4.767212757747761209e+00
4.767212757747761209e+00
4.767212757747761209e+00
4.767212757747761209e+00
4.767212757747761209e+00
4.767212757747761209e+00
4.767212757747761209e+00
4.767212757747761209e+00
4.767212757747761209e+00
4.767212757747761209e+00
4.767212757747761209e+00
4.767212757747761209e+00
4.767212757747761209e+00
4.767212757747761209e+00
4.767212757747761209e+00
4.767212757747761209e+00
4.767212757747761209e+00
4.767212757747761209e+00
4.767212757747761209e+00
4.767212757747761209e+00
4.767212757747761209e+00
4.767212757747761209e+00
4.767212757747761209e+00
4.767212757747761209e+00
4.767212757747761209e+00
4.767212757747761209e+00
4.767212757747761209e+00
4.767212757747761209e+00
4.767212757747761209e+00
4.767212757747761209e+00
4.767212757747761209e+00
4.767212757747761209e+00
4.767212757747761209e+00
4.767212757747761209e+00
4.767212757747761209e+00
4.767212757747761209e+00
4.767212757747761209e+00
4.767212757747761209e+00
4.767212757747761209e+00
4.767212757747761209e+00
4.767212757747761209e+00
4.767212757747761209e+00
4.767212757747761209e+00
