5.359229743880835173e+00
5.359229743880835173e+00
5.359229743880836061e+00
5.359229743880835173e+00
5.359229743880835173e+00
5.359229743880835173e+00
5.359229743880835173e+00
5.359229743880835173e+00
5.359229743880835173e+00
5.359229743880835173e+00
5.359229743880835173e+00
5.359229743880835173e+00
5.359229743880835173e+00
5.359229743880835173e+00
5.359229743880835173e+00
5.359229743880835173e+00
5.359229743880835173e+00
5.359229743880835173e+00
5.359229743880835173e+00
5.359229743880835173e+00
5.359229743880835173e+00
5.359229743880835173e+00
5.359229743880835173e+00
5.359229743880835173e+00
5.359229743880835173e+00
5.359229743880835173e+00
5.359229743880835173e+00
5.359229743880835173e+00
5.359229743880835173e+00
5.359229743880835173e+00
5.359229743880835173e+00
5.359229743880835173e+00
5.359229743880835173e+00
5.359229743880835173e+00
5.359229743880835173e+00
5.359229743880835173e+00
5.359229743880835173e+00
5.359229743880835173e+00
5.359229743880835173e+00
5.359229743880835173e+00
5.359229743880835173e+00
5.359229743880835173e+00
5.359229743880835173e+00
5.359229743880835173e+00
5.359048209130805596e+00
5.358656231776180334e+00
5.358028455807471779e+00
5.357142388243007147e+00
5.357142388243007147e+00
5.346938085880854175e+00
5.351004066131827663e+00
5.352759742815313970e+00
5.348973324491684167e+00
5.345960022344851126e+00
5.342860587660403837e+00
5.339746681421978280e+00
5.336846444026129177e+00
5.332822893201666581e+00
5.337493198654980731e+00
5.325665602609237936e+00
5.309875098838985785e+00
5.296682293141769193e+00
5.283456803282803094e+00
5.296017260579526820e+00
5.293419629660150783e+00
5.291465112932267623e+00
5.290226232855586019e+00
5.291049522482512479e+00
5.294700448082234168e+00
5.305239002178706365e+00
5.319266931596899006e+00
5.333168760859142488e+00
5.321902342022626797e+00
5.326562024013728802e+00
5.331140957009973924e+00
5.335759241662618280e+00
5.340343545139488057e+00
5.344845573972949460e+00
5.349250928045111486e+00
5.353629046173091766e+00
5.358092109635455458e+00
5.362751791626558351e+00
5.367411473617658579e+00
5.372071155608760584e+00
5.376730837599861701e+00
5.381390519590961929e+00
5.386050201582063046e+00
5.390709883573164163e+00
5.395369565564266168e+00
5.400029247555367284e+00
5.404688929546469289e+00
5.409507649253693984e+00
5.414636635883159244e+00
5.420210623826537955e+00
5.426346714180676045e+00
5.433156447783463960e+00
5.440738642071051956e+00
5.449181412952439629e+00
5.453841094943539858e+00
5.471382831940777791e+00
5.488133041910934651e+00
5.503236904989305955e+00
5.516467469872782914e+00
5.528685551369948215e+00
5.539199394077360949e+00
5.548073952401016307e+00
5.555026418176916003e+00
5.565470827519598984e+00
5.563174766538109495e+00
5.560661165949269069e+00
5.559902844081920037e+00
5.560856657936919412e+00
5.562811190595499333e+00
5.566741634076207035e+00
5.571462764690210179e+00
5.577158188549742768e+00
5.584092436794927394e+00
5.590566168996181418e+00
5.596968614153393418e+00
5.602415960923226912e+00
5.606584732844214436e+00
5.608814989880746005e+00
5.608378606980330083e+00
5.607242555239497328e+00
5.605364090756546069e+00
5.600934988326035757e+00
5.594726705628784380e+00
5.586462942364048168e+00
5.572554837417206031e+00
5.538053427064181022e+00
5.519572425066749055e+00
5.501589485030270232e+00
5.483799239392518565e+00
5.466783451500370816e+00
5.451730495137475430e+00
5.439428143239346980e+00
5.430804461291291574e+00
5.429107036375068418e+00
5.449928502297428423e+00
5.456702537772942563e+00
5.472782916404983489e+00
5.481602593980787752e+00
5.490203690625404143e+00
5.495164287711484796e+00
5.486382579927983727e+00
5.483965978344357950e+00
5.502894091696730605e+00
5.503992416686447342e+00
5.510664427876404758e+00
5.508539671926687475e+00
5.513187295586355674e+00
5.517126920489861419e+00
5.522703063617779407e+00
5.539554520635990187e+00
5.547796144725749556e+00
5.531429956100500256e+00
5.528928411527537001e+00
5.515574512852202460e+00
5.496264215147751209e+00
5.465369753707810752e+00
5.442274585439655255e+00
5.418386645457635709e+00
5.394249060480825086e+00
5.369945348111176742e+00
5.346790678352552284e+00
5.325616956568292260e+00
5.308365813417027290e+00
5.297145313807382294e+00
5.298000926274835543e+00
5.291583371579457129e+00
5.287354383501038591e+00
5.285052257815602950e+00
5.284452964897375260e+00
5.285347109810772714e+00
5.285956592077594607e+00
5.279082164181419401e+00
5.272912446165044287e+00
5.284371403287221547e+00
5.302655709038488041e+00
5.312998342734969626e+00
5.324715401487507549e+00
5.336081164771170116e+00
5.347505435674692720e+00
5.358926574333890969e+00
5.375944372254363834e+00
5.390408554404513275e+00
5.387052190898116599e+00
5.376309608983071087e+00
5.372956927438791830e+00
5.367380261588790447e+00
5.361315755494175050e+00
5.352857226959224946e+00
5.345703718749763134e+00
5.340572329003676622e+00
5.337042865670530212e+00
5.333454428513593193e+00
5.329896650706544392e+00
5.326766241901399468e+00
5.324979959499803073e+00
5.325456461607331882e+00
5.328949447359857317e+00
5.330941157064626346e+00
5.331448274990545855e+00
5.330836720525081951e+00
5.330524213866659977e+00
5.330953165129209914e+00
5.329997403624627594e+00
5.327975899792443570e+00
5.323859204770950981e+00
5.318090255173542502e+00
5.311152721747584238e+00
5.301320945525501926e+00
5.290909902486886196e+00
5.279034069231477666e+00
5.265490232703762707e+00
5.250980183677397939e+00
5.228938785212069007e+00
5.206669453046552043e+00
5.189531095938132665e+00
5.174201578757911868e+00
5.163312289851066161e+00
5.154687745382123154e+00
5.147958373627542272e+00
5.143229779510189559e+00
5.141474109714831542e+00
5.148330007980889356e+00
5.156479260312628377e+00
5.160731154998581260e+00
5.166267921146984854e+00
5.172767444489995370e+00
5.179974314284064185e+00
5.187669812265756519e+00
5.195664649812401947e+00
5.203797934809996306e+00
5.211730367721465029e+00
5.219241240108494218e+00
5.226093585034296218e+00
5.231985516935488967e+00
5.236532652827302847e+00
5.239288087815811679e+00
5.239795375334277416e+00
5.247944627666015549e+00
5.238531506955953709e+00
5.230313549270068307e+00
5.219906859666837207e+00
5.204900288770594408e+00
5.184171839766428036e+00
5.159723912130083079e+00
5.136294809899355940e+00
5.113121094480004736e+00
5.080468616542910709e+00
5.068402104343446624e+00
5.053651828920568079e+00
5.041492831792869111e+00
5.035307790785307880e+00
5.036900699963336336e+00
5.046213511767616566e+00
5.056141092837032502e+00
5.069490997326615123e+00
5.085820819492521849e+00
5.100274816445359072e+00
5.117540765237220235e+00
5.135098834506831800e+00
5.152379593350289610e+00
5.168113510778100661e+00
5.179585348825605173e+00
5.190576535975373496e+00
5.198240886698979324e+00
5.202311845793696321e+00
5.200179469088955564e+00
5.190515272329745855e+00
5.177992258029418871e+00
5.151728943028255792e+00
5.128225038652789003e+00
5.101785122985691423e+00
5.087789181726675380e+00
5.064546700484539699e+00
5.040632797792039099e+00
5.044075605804913209e+00
5.075757765118647846e+00
5.103638357689260552e+00
5.145521328308725550e+00
5.184007802753141547e+00
5.226034850296684908e+00
5.255332822489402034e+00
5.295353744213719516e+00
5.337092499177593652e+00
5.355385752582566106e+00
5.351282293798629297e+00
5.352651566766577496e+00
5.352738157453856616e+00
5.353289348134172343e+00
5.354668134851250372e+00
5.355993739292036260e+00
5.357176794452250590e+00
5.359086446812814764e+00
5.361248768207387272e+00
5.363558893273982164e+00
5.366147855104726361e+00
5.368804297950412696e+00
5.371429527318205110e+00
5.373996659470936521e+00
5.376463794201902680e+00
5.378586163316136037e+00
5.380327328279993715e+00
5.381209386492097124e+00
5.381199513993479400e+00
5.380222867754600458e+00
5.378601050524261851e+00
5.375937475967700330e+00
5.372403316949995400e+00
5.367753095276118991e+00
5.351152937312170899e+00
5.324243987273033163e+00
5.305673419744272756e+00
5.292465162416669422e+00
5.279765833325941848e+00
5.267450259519227629e+00
5.256354589212359762e+00
5.246160417125550701e+00
5.238216146606578860e+00
5.243414632276405918e+00
5.260330752215486960e+00
5.270953357127556416e+00
5.277688113766558331e+00
5.285554849108139663e+00
5.294115235964071964e+00
5.302943792645227639e+00
5.311613892559714500e+00
5.319686241002211879e+00
5.330365150695081766e+00
5.342720583389269251e+00
5.341442728857538569e+00
5.343296482411719950e+00
5.344427407608876024e+00
5.345521411434599912e+00
5.345034604811438328e+00
5.342778639547222319e+00
5.339081315222660606e+00
5.330318128035085756e+00
5.316062494410559225e+00
5.311458463704108901e+00
5.300315879811154041e+00
5.284599963851234428e+00
5.260504262310121248e+00
5.224016615878531056e+00
5.177524849916462557e+00
5.148086413075055212e+00
5.119148326970544005e+00
5.092818037908153350e+00
5.070063771810231934e+00
5.051130193912783284e+00
5.038620950033219970e+00
5.036290305234075504e+00
5.050258793922620448e+00
5.078558404321126041e+00
5.093840482412550053e+00
5.112624585937453503e+00
5.133818367617239531e+00
5.156344016833386057e+00
5.179148100517239506e+00
5.206693162508258865e+00
5.239532019193845258e+00
5.259871420607114878e+00
5.276433550239669756e+00
5.286589618853520633e+00
5.293103396520560722e+00
5.295777168456331729e+00
5.295517631430886496e+00
5.292354940228894300e+00
5.280813757790131291e+00
5.256650725289272685e+00
5.243534980461328487e+00
5.230029022100791458e+00
5.219038030264344208e+00
5.208119280129775319e+00
5.197836186162209771e+00
5.187692405703254295e+00
5.178112792510880524e+00
5.169571134753947916e+00
5.165298029448070594e+00
5.158979017031488645e+00
5.153249318204217388e+00
5.147976964490013074e+00
5.143066682618019136e+00
5.138554337474303679e+00
5.134442883412513758e+00
5.130703081390983300e+00
5.127283073667673108e+00
5.124121592459811581e+00
5.121182741011987005e+00
5.118410491253245986e+00
5.114137385947368664e+00
5.120052157807261750e+00
5.122267583646638478e+00
5.121335139874834574e+00
5.117634762065685905e+00
5.111814421224187832e+00
5.103522054631492999e+00
5.093376421720654967e+00
5.081988788051154060e+00
5.071207245377679307e+00
5.048691098319018522e+00
5.028245312594029848e+00
5.010043768571080136e+00
4.994299196570344712e+00
4.980557386914104434e+00
4.969047939838713290e+00
4.958950702592493265e+00
4.950393360631234252e+00
4.943093877838030892e+00
4.937563486306679295e+00
4.933700884595876524e+00
4.930653155921109310e+00
4.927740072125656567e+00
4.924424307105150334e+00
4.921208739686338873e+00
4.918339783320192282e+00
4.915199308164899250e+00
4.912060529385744445e+00
4.909035857794676438e+00
4.905501094402729301e+00
4.902004929949248080e+00
4.898649554796863370e+00
4.895055573435117324e+00
4.891889939720702074e+00
4.888984605425101826e+00
4.885786623624931657e+00
4.882081338683109450e+00
4.878174197211905927e+00
4.874785025425966367e+00
4.871510200731114182e+00
4.868461634536383364e+00
4.866968264221404716e+00
4.866063565578645722e+00
4.865889071687611533e+00
4.866350771576433587e+00
4.867730670369666335e+00
4.870276058469469760e+00
4.873592352082765977e+00
4.877572924125285425e+00
4.882080974905742110e+00
4.887823502199974079e+00
4.894354968529656347e+00
4.902460986319608693e+00
4.912691647623456781e+00
4.924768342576493652e+00
4.937909538128235631e+00
4.952638140428512692e+00
4.969637970469302779e+00
4.988012621503280286e+00
5.005767666293558626e+00
5.023408122683737709e+00
5.040585696253675252e+00
5.060008508090731993e+00
5.079774874100312587e+00
5.100602551735680557e+00
5.123125103869018204e+00
5.148031203179903592e+00
5.177848797242579515e+00
5.210889045427542499e+00
5.241851392815084942e+00
5.273906009904385961e+00
5.304780787626082628e+00
5.334281519575290176e+00
5.361828732408544518e+00
5.387569475591577728e+00
5.403257788413525553e+00
5.427410457866351123e+00
5.427812788036884939e+00
5.417196688707817565e+00
5.405995284775261922e+00
5.377060816191526982e+00
5.343791623793227252e+00
5.306869680021815583e+00
5.273967646055987224e+00
5.244159692788717742e+00
5.197698722140700056e+00
5.169777485469293055e+00
5.153213882073277574e+00
5.134218016163789144e+00
5.129792475464522106e+00
5.128751750682820187e+00
5.130567972005612987e+00
5.126621698981280062e+00
5.124719688585930299e+00
5.124425614815759644e+00
5.125117409929237589e+00
5.126414063010276578e+00
5.128082248219850925e+00
5.129863198603082708e+00
5.131679419925875507e+00
5.133495641248668306e+00
5.135311862571461994e+00
5.137128083894254793e+00
5.138944305217048480e+00
5.140760526539841280e+00
5.142576747862634079e+00
5.144392969185427766e+00
5.146209190508220566e+00
5.148025411831013365e+00
5.149841633153806164e+00
5.151657854476599852e+00
5.153474075799392651e+00
5.155290297122185450e+00
5.157106518444978249e+00
5.158922739767771937e+00
5.160738961090564736e+00
5.162555182413358423e+00
5.164371403736151223e+00
5.166187625058944022e+00
5.168003846381736821e+00
5.169820067704531397e+00
5.171636289027324196e+00
5.173452510350116995e+00
5.175268731672910683e+00
5.177084952995703482e+00
5.178901174318496281e+00
5.180717395641289080e+00
5.182533616964082768e+00
5.184349838286875567e+00
5.186166059609668366e+00
5.187982280932461165e+00
5.189798502255254853e+00
5.191614723578047652e+00
5.193430944900840451e+00
5.195247166223634139e+00
5.197063387546426938e+00
5.198879608869219737e+00
5.200695830192013425e+00
5.202512051514806224e+00
5.204328272837599023e+00
5.206144494160391822e+00
5.207960715483185510e+00
5.209776936805978309e+00
5.211593158128771108e+00
5.213409379451563908e+00
5.215225600774357595e+00
5.217041822097150394e+00
5.218858043419944082e+00
5.220674264742736881e+00
5.222490486065529680e+00
5.224306707388322479e+00
5.226122928711117055e+00
5.227939150033909854e+00
5.229755371356702653e+00
5.231571592679496341e+00
5.233387814002289140e+00
5.235204035325081939e+00
5.237020256647874739e+00
5.238836477970668426e+00
5.240652699293461225e+00
5.242229618765279042e+00
5.243437504271899030e+00
5.244114181085789639e+00
5.244065948815014089e+00
5.243067062812640344e+00
5.240881102212034293e+00
5.237272648115182783e+00
5.239088869437975582e+00
5.221521640831756628e+00
5.213068862753498678e+00
5.202357266962549076e+00
5.189623301047115334e+00
5.175018659562191203e+00
5.160499898012613329e+00
5.147249370519869416e+00
5.138446240724518610e+00
5.140434027169529685e+00
5.180949245581321527e+00
5.204563331795784009e+00
5.233470261498083254e+00
5.267559123000757459e+00
5.307008156265261789e+00
5.348832004100472659e+00
5.392267210391863408e+00
5.434775782045758952e+00
5.464127203262219012e+00
5.476405800906314347e+00
5.497579388174035131e+00
5.517021721705734016e+00
5.534913415469601361e+00
5.550740538241841548e+00
5.564790105579271007e+00
5.576645864643921868e+00
5.584830643887052304e+00
5.588735061740141674e+00
5.589173977963397100e+00
5.587153609292052181e+00
5.582178816353968287e+00
5.573565475243047018e+00
5.561307389530694145e+00
5.546703053880401413e+00
5.530284145703325827e+00
5.512166226156461235e+00
5.492508380484870223e+00
5.470655026885354211e+00
5.447384328462637981e+00
5.423027499374916793e+00
5.395394105108817229e+00
5.368854093505262881e+00
5.341319037073215981e+00
5.309005203059782296e+00
5.277134709417860670e+00
5.240707418492415393e+00
5.202427187069984527e+00
5.160346575964645410e+00
5.115162020614365979e+00
5.081883669879529108e+00
5.048306568919048942e+00
5.016661998938905853e+00
4.990866700536351175e+00
4.966999381063989638e+00
4.949861996275524589e+00
4.937801679152977741e+00
4.932341076573570682e+00
4.932957977246993586e+00
4.927372815590927324e+00
4.923804492133416311e+00
4.921779189272425192e+00
4.920865997450079021e+00
4.920719950103762841e+00
4.921029353799332817e+00
4.921571223568399489e+00
4.922188124241822393e+00
4.922805024915245298e+00
4.923421925588666426e+00
4.924038826262089330e+00
4.924655726935512234e+00
4.925272627608934251e+00
4.925889528282357155e+00
4.926506428955779171e+00
4.927123329629201187e+00
4.927779199316554504e+00
4.928535805786325774e+00
4.929492063700348758e+00
4.930774187339901360e+00
4.932513360283241610e+00
4.934843466917178567e+00
4.937902334803419890e+00
4.938519235476842795e+00
4.942292626278596224e+00
4.947873747185643545e+00
4.956363029671337905e+00
4.966863929887399109e+00
4.977441477433874439e+00
4.987780741168704068e+00
4.997848468379986642e+00
5.006197434227282805e+00
5.015807432517921605e+00
5.020579451083989397e+00
5.020223841014373356e+00
5.017745144928812628e+00
5.012676531869966645e+00
5.006367115863445960e+00
4.998838447859970557e+00
4.989977776904785500e+00
4.981533712820910509e+00
4.973784636625573796e+00
4.967123205437746769e+00
4.963701803657104783e+00
4.960130829417195741e+00
4.959971972687890585e+00
4.959516071802533510e+00
4.960297740969371816e+00
4.961065893121446635e+00
4.963144722284546617e+00
4.966311079716374088e+00
4.970635568963989392e+00
4.975619584531241202e+00
4.980592367775185103e+00
4.983179261473080324e+00
4.987719845637412774e+00
4.992722172447598972e+00
4.998729030227075931e+00
5.003985809018156594e+00
5.008482809637748723e+00
5.011642636881026291e+00
5.012956327050829941e+00
5.013416440720046552e+00
5.013891659292140091e+00
5.014715553872446385e+00
5.014976320758053774e+00
5.015459087651691128e+00
5.016180900467606563e+00
5.017309982891474007e+00
5.019479030920583007e+00
5.023148271654937602e+00
5.027206348659240653e+00
5.030845143704347322e+00
5.033548764065687742e+00
5.036348543671592459e+00
5.039179772842703464e+00
5.042016609052382137e+00
5.044836230180906433e+00
5.047620629596549335e+00
5.050364204913162069e+00
5.053079370640968904e+00
5.055782991002310212e+00
5.058486611363651519e+00
5.061190231724992827e+00
5.063893852086333247e+00
5.066597472447674555e+00
5.069301092809015863e+00
5.072004713170356283e+00
5.074708333531697591e+00
5.077411953893038010e+00
5.080115574254379318e+00
5.082819194615719738e+00
5.085522814977061046e+00
5.088226435338402354e+00
5.090930055699743662e+00
5.093633676061084969e+00
5.096337296422426277e+00
5.099040916783767585e+00
5.101744537145108005e+00
5.104448157506449313e+00
5.107151777867790621e+00
5.109855398229131929e+00
5.112559018590472348e+00
5.115262638951812768e+00
5.117966259313154076e+00
5.120669879674495384e+00
5.123373500035835804e+00
5.126077120397177111e+00
5.128780740758518419e+00
5.131484361119859727e+00
5.134187981481201035e+00
5.136891601842541455e+00
5.139595222203882763e+00
5.142298842565223183e+00
5.145002462926564490e+00
5.147706083287904910e+00
5.150409703649246218e+00
5.153113324010586638e+00
5.155816944371927946e+00
5.158520564733269254e+00
5.161224185094610561e+00
5.163927805455951869e+00
5.166631425817293177e+00
5.169335046178634485e+00
5.172038666539974905e+00
5.174742286901316213e+00
5.177445907262657521e+00
5.180149527623998829e+00
5.182853147985339248e+00
5.185556768346680556e+00
5.188260388708020976e+00
5.190964009069362284e+00
5.193667629430702704e+00
5.196371249792044011e+00
5.199074870153385319e+00
5.201778490514726627e+00
5.204482110876067935e+00
5.207185731237408355e+00
5.209889351598749663e+00
5.212592971960090082e+00
5.215296592321431390e+00
5.218000212682771810e+00
5.220703833044113118e+00
5.223407453405453538e+00
5.226111073766794846e+00
5.228814694128136153e+00
5.231532316347404787e+00
5.234244962469756679e+00
5.236907771163038738e+00
5.239449268471044974e+00
5.241782448187688459e+00
5.243810848564933735e+00
5.245425620809249345e+00
5.248129241170590653e+00
5.251967012024034709e+00
5.253119416185206170e+00
5.252180242880869265e+00
5.249135284457798534e+00
5.244953525179336218e+00
5.240214184594532476e+00
5.234776272664013241e+00
5.228266040221588362e+00
5.220124449414840662e+00
5.209064349270104977e+00
5.195382308825363893e+00
5.182837640067059937e+00
5.175455156805111478e+00
5.168870040841987645e+00
5.162767941330659305e+00
5.157550180314391497e+00
5.153846302265138846e+00
5.150836933554468366e+00
5.149876753194566170e+00
5.154560972067816493e+00
5.160571845365543808e+00
5.163943628263205632e+00
5.168143628651197474e+00
5.172993984033586123e+00
5.178330824154515177e+00
5.184007202501750733e+00
5.189899054306192028e+00
5.195893549154233959e+00
5.201904422451961274e+00
5.207915295749688589e+00
5.213926169047415904e+00
5.219937042345143219e+00
5.225947915642870534e+00
5.231958788940597849e+00
5.237969662238325164e+00
5.243980535536052479e+00
5.249991408833779793e+00
5.256002282131507997e+00
5.262013155429234423e+00
5.268024028726962626e+00
5.274034902024689941e+00
5.280045775322417256e+00
5.286056648620144571e+00
5.292067521917872774e+00
5.298078395215600089e+00
5.304089268513327404e+00
5.310100141811054719e+00
5.316111015108782034e+00
5.322121888406509349e+00
5.328132761704236664e+00
5.334143635001963979e+00
5.340154508299691294e+00
5.346157101001362655e+00
5.352147540026718886e+00
5.358112739670729319e+00
5.364051130186681782e+00
5.369951622762787480e+00
5.375746900739646783e+00
5.381313597946341787e+00
5.387324471244068214e+00
5.392664616261260591e+00
5.398370050654047958e+00
5.403341416116708373e+00
5.409270813584381443e+00
5.414455975909081786e+00
5.415124580516962105e+00
5.411358389291226700e+00
5.405049655040919276e+00
5.396669692931531870e+00
5.387519211463809299e+00
5.376756800052453045e+00
5.365956054911787731e+00
5.353052226005687864e+00
5.340141281204283885e+00
5.330422956274535551e+00
5.324588346182542509e+00
5.320042773300740713e+00
5.315930136453793864e+00
5.312394917946545725e+00
5.308726745299257921e+00
5.304551474096911967e+00
5.300536352413854679e+00
5.295807536757511258e+00
5.292415854120203100e+00
5.288756929968996268e+00
5.285157623933610438e+00
5.281933736639718546e+00
5.278629444121885506e+00
5.275759420210739847e+00
5.272622532435509157e+00
5.270237764579938755e+00
5.269169059527741616e+00
5.265137598022643139e+00
5.259064082313417821e+00
5.248541474201901202e+00
5.235249566695777013e+00
5.222724322291952603e+00
5.207887105955349760e+00
5.189763037077475438e+00
5.156365078163664073e+00
5.133958898025681172e+00
5.113292008199562311e+00
5.094919165399748984e+00
5.082267901808254607e+00
5.073485277401040605e+00
5.065528745663967491e+00
5.061833550260406156e+00
5.064267954767065483e+00
5.083728701380941573e+00
5.093867890923693409e+00
5.106749679741923842e+00
5.121608074487407514e+00
5.137528909418879408e+00
5.153640003480780329e+00
5.169125916625369577e+00
5.183215893441380118e+00
5.195026467112443314e+00
5.203765834517371403e+00
5.223226581131246604e+00
5.227348460774651429e+00
5.215197723628075543e+00
5.199663726629464300e+00
5.184666852949508353e+00
5.173088523070685341e+00
5.149515169374397239e+00
5.129516378221763873e+00
5.109798376720576130e+00
5.076731185737253682e+00
5.051504400786421378e+00
5.043180520205602591e+00
5.036172885336865690e+00
5.028751887704913770e+00
5.022137156369121946e+00
5.026329116044013112e+00
5.029378699830363786e+00
5.031966651610494168e+00
5.036435311500715883e+00
5.049307322944020626e+00
5.062201249165124040e+00
5.077146180712531098e+00
5.092334535163781872e+00
5.103954152965743063e+00
5.117658368319807138e+00
5.130148111893134910e+00
5.144954957497103187e+00
5.160150245085540988e+00
5.173621360262846913e+00
5.185282902772597957e+00
5.196038449106162638e+00
5.205360870254740036e+00
5.213578362575736591e+00
5.218578776916756645e+00
5.216647058349161981e+00
5.210423119374304690e+00
5.202846595869353052e+00
5.189810945548714471e+00
5.165501247290481324e+00
5.139222386470240878e+00
5.118917672531225982e+00
5.103853507556299185e+00
5.097006090981038184e+00
5.118819828428248009e+00
5.139590704237967600e+00
5.163069978869756937e+00
5.192489920723101449e+00
5.232871766329408203e+00
5.274935811822590637e+00
5.311401765326017710e+00
5.342875963170080844e+00
5.369260723168657101e+00
5.373692033706943150e+00
5.383515134788784628e+00
5.392545848193790015e+00
5.401865805090303674e+00
5.412589603329061028e+00
5.426079774025311053e+00
5.440968777827008829e+00
5.456828409076665665e+00
5.471846394727571727e+00
5.485945386366844367e+00
5.498632894082558842e+00
5.508894305218315246e+00
5.516846331548341809e+00
5.522699482854365627e+00
5.525162621054741763e+00
5.525582697943979937e+00
5.524815124944404410e+00
5.522970526047981110e+00
5.521195528932302032e+00
5.515826817162254869e+00
5.508947264361345297e+00
5.498485855365531805e+00
5.486903853296562161e+00
5.473910819936786076e+00
5.457909601199196992e+00
5.437886013027682708e+00
5.416200675516354757e+00
5.393079006689272425e+00
5.353792244267352451e+00
5.326324074378629092e+00
5.300829174652084141e+00
5.275333976804022384e+00
5.250654663610175632e+00
5.228765619862730141e+00
5.210595799123306726e+00
5.195230774520513961e+00
5.182070319714538797e+00
5.189636811278342421e+00
5.187795297588809085e+00
5.188598668741923881e+00
5.191555264099406486e+00
5.196200002357326042e+00
5.202098716132184997e+00
5.208867166990644115e+00
5.216177770327660390e+00
5.223744261891464902e+00
5.231310753455269413e+00
5.238877245019073925e+00
5.246443736582878437e+00
5.254010228146682060e+00
5.261576719710486572e+00
5.269143211274291083e+00
5.276709702838095595e+00
5.284276194401900106e+00
5.291734795622092591e+00
5.298981705533370778e+00
5.305913622258938034e+00
5.312412341742096089e+00
5.318344573181220447e+00
5.323542233397756895e+00
5.327808460207007712e+00
5.335374951770812224e+00
5.334202325502052311e+00
5.333468829220051610e+00
5.332987450415608066e+00
5.331613988225419654e+00
5.329451696938052763e+00
5.325037711163760790e+00
5.319027197114169603e+00
5.310885319464464516e+00
5.294847197082797940e+00
5.282840584440730680e+00
5.266019598683285174e+00
5.246533393652094368e+00
5.225128155033944566e+00
5.203078652102266055e+00
5.177152465687110627e+00
5.160671922286272029e+00
5.146791298294873584e+00
5.137511596086777210e+00
5.133338248278253246e+00
5.134365191721264488e+00
5.138979875784958296e+00
5.147879727996192756e+00
5.159945170961035110e+00
5.180124221263758599e+00
5.194545955158845985e+00
5.210693413822528264e+00
5.227971380407148594e+00
5.245820745064587065e+00
5.263707310169402298e+00
5.281121447796891744e+00
5.301181056876672848e+00
5.322921238899803065e+00
5.338078609523279283e+00
5.350615856610184018e+00
5.360615065746423546e+00
5.367807512140713833e+00
5.371340096099727290e+00
5.371625334119759287e+00
5.369409761100667033e+00
5.361026594028995618e+00
5.347664729753914159e+00
5.336922936020825681e+00
5.324993995318507700e+00
5.310446208391853773e+00
5.290348860007510368e+00
5.279969276662587419e+00
5.271424733873200097e+00
5.263974074566476702e+00
5.258075967776012938e+00
5.253451475553977623e+00
5.250714979654976133e+00
5.249818903637739176e+00
5.252231954073870668e+00
5.261266187582798182e+00
5.262577335978345872e+00
5.263851393400860168e+00
5.265346820211769696e+00
5.266957720987779368e+00
5.268598793225117483e+00
5.270200830543835480e+00
5.271717453247991791e+00
5.273123948373336312e+00
5.274435096768885778e+00
5.275624133866966048e+00
5.276464470360303416e+00
5.276664750994715547e+00
5.275902911915412830e+00
5.273824283531063806e+00
5.270059990181951370e+00
5.264225533910394716e+00
5.265536682305945071e+00
5.256956815606500300e+00
5.240036341410246656e+00
5.218218526119461131e+00
5.194553370038054396e+00
5.169209269010564434e+00
5.144031265748882475e+00
5.119273521317157183e+00
5.094333267904726625e+00
5.060056888956115273e+00
5.034482910673750311e+00
5.016173476327883129e+00
5.001233969024763582e+00
4.987675627610503426e+00
4.975251823741490220e+00
4.961798794982628102e+00
4.947162002715209006e+00
4.933765058260191516e+00
4.921658611947303363e+00
4.907928183855744031e+00
4.893571568942573613e+00
4.878275559919973858e+00
4.863442869670334900e+00
4.849828199937384454e+00
4.839787997921916052e+00
4.832687271978604926e+00
4.827146749253938829e+00
4.824189532853587536e+00
4.825049522690632031e+00
4.827663920723984425e+00
4.834754621102793415e+00
4.843580327987465850e+00
4.850003582813116942e+00
4.856341068408554840e+00
4.862575847985910471e+00
4.868657848786185127e+00
4.873458232258909284e+00
4.877676827381340452e+00
4.882415063881252237e+00
4.885961505499412105e+00
4.888917973936847794e+00
4.895107435868514933e+00
4.900530150579349709e+00
4.906107299716818915e+00
4.911831883340815885e+00
4.917696835532341382e+00
4.923681000881527936e+00
4.929757513173665728e+00
4.935907061605404600e+00
4.942096523537071739e+00
4.948285985468738879e+00
4.954475447400406019e+00
4.960664909332073158e+00
4.966854371263740298e+00
4.973043833195408325e+00
4.979233295127074577e+00
4.985422757058742604e+00
4.991612218990409744e+00
4.997801680922076883e+00
5.003991142853744911e+00
5.010180604785412051e+00
5.016370066717079190e+00
5.022559528648746330e+00
5.028748990580414358e+00
5.034938452512080609e+00
5.041127914443747748e+00
5.047317376375414888e+00
5.053506838307082916e+00
5.059696300238749167e+00
5.065885762170417195e+00
5.072075224102084334e+00
5.078264686033751474e+00
5.084454147965419502e+00
5.090643609897086641e+00
5.096833071828753781e+00
5.103022533760420920e+00
5.109211995692088060e+00
5.115343331477851585e+00
5.121330604683370424e+00
5.127112280265133215e+00
5.132601024007113821e+00
5.137713201524231721e+00
5.142359258615160300e+00
5.146462953177922905e+00
5.152652415109590933e+00
5.154133659223098185e+00
5.153420396118944424e+00
5.154827708252428309e+00
5.154350885035860586e+00
5.154466679965771014e+00
5.154479536004213713e+00
5.156036792516989209e+00
5.158640698763370835e+00
5.158888344874368315e+00
5.163630972742910608e+00
5.171157056587465384e+00
5.176839524086883415e+00
5.185063582263680360e+00
5.192931299006655621e+00
5.201359263583917425e+00
5.208753348235702241e+00
5.216362799278723372e+00
5.226249698256824949e+00
5.241105352489154434e+00
5.257936774060494756e+00
5.276937953304760676e+00
5.296936440111003286e+00
5.317325318037704918e+00
5.337707217658145709e+00
5.357757796817062435e+00
5.376772925801804881e+00
5.391838929898820965e+00
5.399804283055491538e+00
5.403480667670416793e+00
5.403728260439148556e+00
5.401319337634865825e+00
5.395038231467956358e+00
5.383515768525028555e+00
5.364705210760642551e+00
5.339593742144724153e+00
5.303018071553159629e+00
5.273974921086395540e+00
5.248540816786954721e+00
5.221794370166351840e+00
5.194107881195390242e+00
5.168104053956407817e+00
5.145675380985031744e+00
5.129444260236770248e+00
5.118589265489671192e+00
5.119970679828293569e+00
5.114915276292459012e+00
5.106783775683199522e+00
5.099841325759725486e+00
5.093796838997687537e+00
5.088358708376573780e+00
5.083263586355788455e+00
5.078296497775818708e+00
5.073320561127323103e+00
5.068265157591489434e+00
5.063209754055654876e+00
5.058154350519821207e+00
5.053098946983987538e+00
5.048043543448154757e+00
5.042988139912320200e+00
5.037932736376485643e+00
5.032877332840651974e+00
5.027821929304817417e+00
5.022634140158078964e+00
5.017160941237865046e+00
5.011255725483904300e+00
5.004798190972163496e+00
4.997646897232355556e+00
4.989620598478088809e+00
4.980630683825932437e+00
4.975575280290097879e+00
4.959796642271026457e+00
4.942478667177811147e+00
4.925965887144376332e+00
4.912015839980016452e+00
4.896905889326834682e+00
4.879265467297208225e+00
4.870003477421860794e+00
4.854123132464357226e+00
4.834541955584771955e+00
4.838403195359635589e+00
4.843309425128544454e+00
4.852440363867603246e+00
4.860878074191073317e+00
4.880235574498136053e+00
4.911600816702778260e+00
4.939638327158717424e+00
4.974687537796698145e+00
5.007951280379094428e+00
5.027667476636707988e+00
5.044761457769094903e+00
5.056344402415130723e+00
5.066158806015139682e+00
5.066323095646903418e+00
5.056230317648856776e+00
5.038646115790476721e+00
5.011938551508592354e+00
4.976717645359288511e+00
4.946927285627428894e+00
4.925991154309179443e+00
4.909351019809357730e+00
4.896415204111121966e+00
4.885511013836055128e+00
4.878006445223547871e+00
4.876033390861157280e+00
4.886189467411588438e+00
4.908917136183005070e+00
4.929409364239595526e+00
4.946468853186406278e+00
4.961970533410569928e+00
4.975845338506379001e+00
4.989617165016756672e+00
5.002671420494350762e+00
5.014416858927007503e+00
5.030791253106430716e+00
5.042368860549427012e+00
5.047274581896194157e+00
5.048570068073382267e+00
5.047101221318499142e+00
5.043403192221443732e+00
5.039171375655574714e+00
5.034148569711009991e+00
5.029586086945204038e+00
5.020308649730789163e+00
5.014823954319429511e+00
5.014052731652840045e+00
5.014956882745520872e+00
5.015905190055181428e+00
5.014236586850161714e+00
5.005636442450161816e+00
4.990646578568913583e+00
4.970449223780676107e+00
4.948737014026152181e+00
4.931355363262492908e+00
4.915026532389566327e+00
4.898725871284880462e+00
4.883670949800499983e+00
4.872424884983510118e+00
4.868030707116668410e+00
4.870560917397005696e+00
4.877879111375698074e+00
4.885248474781436201e+00
4.887608836561439851e+00
4.889332024177104330e+00
4.891613335871216606e+00
4.894221412718215980e+00
4.896944309431712661e+00
4.899618521176356545e+00
4.902164533264711466e+00
4.904586734570959727e+00
4.906947096350965154e+00
4.909307458130968804e+00
4.911667819910973343e+00
4.914028181690978769e+00
4.916388543470983308e+00
4.918748905250987846e+00
4.921109267030993273e+00
4.923469628810997811e+00
4.925829990591002350e+00
4.928190352371006888e+00
4.930550714151011427e+00
4.932911075931015965e+00
4.935271437711020504e+00
4.937631799491025042e+00
4.939992161271029580e+00
4.942352523051034119e+00
4.944712884831038657e+00
4.947073246611044084e+00
4.949433608391048622e+00
4.951793970171053161e+00
4.954154331951057699e+00
4.956514693731063126e+00
4.958875055511067664e+00
4.961235417291072203e+00
4.963595779071076741e+00
4.965956140851081280e+00
4.968316502631085818e+00
4.970676864411090357e+00
4.973037226191094895e+00
4.975397587971099433e+00
4.977757949751103972e+00
4.980118311531108510e+00
4.982478673311113049e+00
4.984839035091117587e+00
4.987199396871123014e+00
4.989559758651127552e+00
4.991920120431132091e+00
4.994280482211137517e+00
4.996640843991142056e+00
4.999001205771146594e+00
5.001361567551151133e+00
5.003721929331155671e+00
5.006082291111160210e+00
5.008442652891165636e+00
5.010803014671169286e+00
5.013163376451173825e+00
5.015523738231178363e+00
5.017884100011183790e+00
5.020244461791187440e+00
5.022604823571192867e+00
5.024965185351197405e+00
5.027325547131201944e+00
5.029685908911207370e+00
5.031852147832235111e+00
5.033620751710753183e+00
5.034961170743402548e+00
5.035863928250265964e+00
5.036347785201097160e+00
5.036430830620385102e+00
5.036129880537318471e+00
5.038490242317323009e+00
5.025126652520147452e+00
5.011196650293155308e+00
5.011674235902342289e+00
5.014286929356469358e+00
5.019624533959802903e+00
5.025326611552444867e+00
5.031326388057442145e+00
5.037966070538017149e+00
5.041888728913060724e+00
5.061259911981720094e+00
5.081291696419643955e+00
5.087242999837633839e+00
5.090562981741665993e+00
5.088221872598742479e+00
5.080566296200199616e+00
5.083675204057074737e+00
5.089564094400529370e+00
5.096707037530840090e+00
5.105545517993742344e+00
5.115283686362390725e+00
5.125676735322591604e+00
5.137446020105603139e+00
5.152485527272710364e+00
5.173974116944547674e+00
5.184350884883213162e+00
5.191429507407501198e+00
5.197038598950486588e+00
5.201059267566435551e+00
5.208301693931725040e+00
5.214207002676577218e+00
5.215790449833338727e+00
5.216225623322253924e+00
5.215300884557704464e+00
5.214781590801424116e+00
5.214706333801590432e+00
5.214252753716742461e+00
5.214246419506309849e+00
5.210436438402576975e+00
5.207055768865235024e+00
5.207624158176603402e+00
5.209652311916744161e+00
5.211734189494644731e+00
5.213204412362661522e+00
5.213980137279881077e+00
5.214489622669184143e+00
5.213668757248589358e+00
5.211690092434797528e+00
5.208233456494209435e+00
5.202467273582343843e+00
5.193941591147573256e+00
5.183055294550744208e+00
5.168674296509354171e+00
5.148488460131506628e+00
5.133418217988934273e+00
5.115164702369730421e+00
5.085210943643843962e+00
5.080108539089741804e+00
5.080913076714806742e+00
5.079760734363105712e+00
5.084694504349391408e+00
5.095277204690912498e+00
5.112579765002404741e+00
5.125192209109522778e+00
5.140980342067951625e+00
5.168714683409474375e+00
5.172815065831100512e+00
5.172370967794645225e+00
5.174687893873652023e+00
5.171582822389458656e+00
5.172781330585735304e+00
5.170368684914182111e+00
5.169623550859085981e+00
5.170120658021354565e+00
5.171573198615522671e+00
5.173935400982163202e+00
5.177542754643742029e+00
5.183309954905265471e+00
5.191420217270719561e+00
5.194128867898202273e+00
5.200491006250270054e+00
5.206120549846158241e+00
5.212011496104828723e+00
5.218085620047475892e+00
5.224278753622652260e+00
5.230285981299918951e+00
5.235790917272955092e+00
5.240478648883519774e+00
5.244045848403890098e+00
5.246103250388675754e+00
5.246283075783233940e+00
5.244203632718058117e+00
5.250565771070125010e+00
5.236398692219034423e+00
5.220243275624371293e+00
5.202549629128394137e+00
5.184268504263197741e+00
5.165548568094852300e+00
5.146425339388095210e+00
5.128052749267636656e+00
5.111187293787929242e+00
5.085369605640977397e+00
5.078400638801989331e+00
5.071172244831152476e+00
5.062732814624379962e+00
5.052482584751484040e+00
5.031183097125270898e+00
5.007143184628644939e+00
4.964471096909239378e+00
4.934405370807816382e+00
4.901883313200180226e+00
4.868694982984477448e+00
4.836256214603174008e+00
4.805909522922477528e+00
4.778125633326448352e+00
4.762789345716977429e+00
4.752210557683873127e+00
4.761743156232671303e+00
4.759773800337661953e+00
4.761123700554056981e+00
4.765172642628908051e+00
4.771325508225936041e+00
4.779022407223144420e+00
4.787748339746691784e+00
4.797032649572257057e+00
4.806565248121055234e+00
4.816097846669853411e+00
4.825630445218651587e+00
4.835163043767449764e+00
4.844695642316248829e+00
4.854228240865047006e+00
4.863760839413846071e+00
4.873293437962644248e+00
4.882826036511442425e+00
4.892358635060240601e+00
4.901891233609038778e+00
4.911423832157836955e+00
4.920956430706635132e+00
4.930489029255433309e+00
4.940021627804231485e+00
4.949554226353029662e+00
4.959086824901827839e+00
4.968619423450626016e+00
4.978152021999425081e+00
4.987556123793827290e+00
4.996751399695471108e+00
5.005752926539015490e+00
5.014684690339008100e+00
5.023711979061856070e+00
5.033032126739927392e+00
5.042865110020317232e+00
5.052397708569114521e+00
5.051522070011859711e+00
5.054676505107578599e+00
5.065767649911117942e+00
5.085874187343392805e+00
5.109395945919955828e+00
5.135417910916528328e+00
5.162981068750876368e+00
5.191393201510532407e+00
5.219694266331302401e+00
5.258074908058209651e+00
5.290665561368672165e+00
5.314197324374178244e+00
5.328461292943384109e+00
5.338908614398544472e+00
5.346343968863836338e+00
5.351015801509876546e+00
5.353137971914090798e+00
5.355508683231337663e+00
5.357902519071960690e+00
5.362247811838074085e+00
5.368198285215898480e+00
5.375370990150533324e+00
5.383346359919860546e+00
5.392758815937899186e+00
5.404161922321539357e+00
5.417118074884210266e+00
5.430981028333246030e+00
5.445759883360980602e+00
5.462209915229824020e+00
5.480069297350649293e+00
5.497651799465094413e+00
5.514291535712024128e+00
5.529985829692283694e+00
5.542644113089948199e+00
5.553365302379920543e+00
5.561604550322015506e+00
5.567998389463814313e+00
5.570761793209104695e+00
5.569991397599675764e+00
5.566939266271906384e+00
5.562329943127322096e+00
5.555154359859112212e+00
5.547848399277373055e+00
5.539768922474782364e+00
5.531120946360278623e+00
5.520451727403825615e+00
5.508634881942967354e+00
5.496208098117961072e+00
5.482441182035111105e+00
5.467778020070726441e+00
5.453535327968049629e+00
5.444569421569558365e+00
5.437137150723856394e+00
5.431455399765537706e+00
5.428698722408016764e+00
5.428836837790687042e+00
5.431361831552666608e+00
5.436912621568524173e+00
5.445300305757767134e+00
5.455292864610488124e+00
5.461316229075645623e+00
5.466955226839463222e+00
5.471489156667057152e+00
5.482132440133492324e+00
5.482163884969171619e+00
5.478947020307129989e+00
5.472040429651690907e+00
5.461122883874319101e+00
5.446127706358545595e+00
5.427206663172254864e+00
5.404694327626730299e+00
5.379102569443422688e+00
5.343140312562839611e+00
5.313602537704174011e+00
5.280221664192929154e+00
5.241099400889920545e+00
5.207629455742445401e+00
5.178185628832312482e+00
5.152330884967922131e+00
5.129682804118791850e+00
5.109414702458547453e+00
5.091908219065207852e+00
5.077641695578487990e+00
5.070469435765136090e+00
5.071844242329490271e+00
5.070450135926408919e+00
5.068452573649960158e+00
5.066429739037941360e+00
5.064899127846739901e+00
5.064189887749726005e+00
5.064179381224040100e+00
5.064374077623989834e+00
5.063923085458498008e+00
5.064560639043066637e+00
5.066955387070331440e+00
5.068656375862584440e+00
5.069735384253417187e+00
5.069049615995748326e+00
5.067877697128725600e+00
5.066043618409627136e+00
5.063335621826356991e+00
5.059914485410058838e+00
5.055368879949772243e+00
5.050164098499620557e+00
5.046697969388485916e+00
5.044599910668658538e+00
5.044775905490428869e+00
5.046549537138537822e+00
5.049348627639429488e+00
5.052705253997086032e+00
5.054904936950787686e+00
5.049516715160735636e+00
5.042146367012481534e+00
5.033759331149718186e+00
5.024724806901236462e+00
5.014109824669589877e+00
5.000478705937286605e+00
4.983959428944784165e+00
4.964506083378409151e+00
4.943903532719551741e+00
4.930286700848724557e+00
4.920299632671881085e+00
4.916679022326754911e+00
4.914605370201758028e+00
4.913774699082627428e+00
4.914641777320770899e+00
4.917958357103731970e+00
4.924370699330988366e+00
4.933479569385328389e+00
4.942970714576557789e+00
4.949515794361972532e+00
4.948655866604974918e+00
4.945393584324265568e+00
4.941697690062340165e+00
4.938721081691181070e+00
4.936759806954906793e+00
4.935149939087894566e+00
4.931985872998101428e+00
4.926893946316515560e+00
4.920321201064756345e+00
4.913837324205489132e+00
4.913612928871220475e+00
4.913701980601097752e+00
4.913138731449141261e+00
4.911291391273490348e+00
4.908896021472767046e+00
4.908168382652991824e+00
4.910099023844728627e+00
4.914776370947940620e+00
4.921199754539299143e+00
4.923341113866197993e+00
4.928247821705568299e+00
4.936819086259443878e+00
4.948897856558249764e+00
4.964657099519007133e+00
4.980345299693587968e+00
4.995848998103428862e+00
5.012020301808822076e+00
5.029823650779388089e+00
5.049043385086433133e+00
5.066782576667169025e+00
5.084029654072314663e+00
5.099026742932043277e+00
5.109701544681374941e+00
5.118000973450882007e+00
5.125441185852260162e+00
5.129580762600207677e+00
5.122539543562137254e+00
5.117192107978893567e+00
5.109625209792349132e+00
5.098741987262870090e+00
5.086432484130224196e+00
5.074548894358122730e+00
5.064752875068017524e+00
5.055366296556490724e+00
5.047897577988984530e+00
5.049378944706081285e+00
5.046794569956613685e+00
5.045287188646337739e+00
5.044708195677338303e+00
5.044879505260323249e+00
5.045614686197961163e+00
5.046739526857306757e+00
5.048110398694345413e+00
5.049591765411443056e+00
5.051073132128539811e+00
5.052554498845634789e+00
5.054035865562732432e+00
5.055517232279829187e+00
5.056998598996924166e+00
5.058479965714021809e+00
5.059961332431118564e+00
5.061442699148213542e+00
5.062924065865311185e+00
5.064405432582407940e+00
5.065886799299502918e+00
5.067368166016600561e+00
5.068849532733697316e+00
5.070330899450792295e+00
5.071812266167889938e+00
5.073293632884986692e+00
5.074774999602081671e+00
5.076256366319179314e+00
5.077737733036276069e+00
5.079219099753371047e+00
5.080601760522473143e+00
5.081861869676921550e+00
5.082969984476214620e+00
5.083866586208312555e+00
5.084483013258161321e+00
5.084725234443437714e+00
5.084479869990197187e+00
5.085961236707293942e+00
5.079447421636785087e+00
5.079095995302624900e+00
5.078413757601576428e+00
5.075447360561357257e+00
5.071951901444101019e+00
5.066681682060089287e+00
5.060218432619663531e+00
5.055303327970626981e+00
5.049399150544541470e+00
5.051607796132402406e+00
5.049006504319256905e+00
5.047318987598643503e+00
5.048516327596099806e+00
5.052071365748513010e+00
5.059365284808076346e+00
5.070104941492427741e+00
5.080609882006439371e+00
5.091771224316953948e+00
5.104316313294260610e+00
5.116695568300831276e+00
5.129856375331206308e+00
5.144041796344349216e+00
5.158141939982062496e+00
5.171466678518800819e+00
5.183567390038670730e+00
5.195170687978883706e+00
5.203585799641635923e+00
5.205179272628584819e+00
5.202388941165625447e+00
5.199099798765973723e+00
5.191751255758087602e+00
5.177459870434001132e+00
5.156100160220791651e+00
5.144117125477233543e+00
5.140241505270827460e+00
5.119674238320761184e+00
5.126750347971271715e+00
5.152969155991502959e+00
5.177871610981611639e+00
5.205318227677015130e+00
5.237818994223874647e+00
5.276187518563998147e+00
5.304186873231235388e+00
5.323311235888957604e+00
5.360700249934648554e+00
5.375625077844823352e+00
5.374282635416991916e+00
5.372982923844049630e+00
5.371725355408145219e+00
5.371037979094345438e+00
5.370416616866687143e+00
5.370468395195695521e+00
5.370740713823507484e+00
5.371222150950341501e+00
5.371934650629489383e+00
5.373004192829305303e+00
5.374281657741487805e+00
5.375150628510434458e+00
5.375403556665273364e+00
5.376164201779797480e+00
5.376675687727904496e+00
5.377111440524336317e+00
5.377741054838533152e+00
5.377347535292138048e+00
5.377712807188124167e+00
5.377807252452506681e+00
5.379080415015664585e+00
5.382203075132225401e+00
5.384724603937895537e+00
5.385459996463158205e+00
5.384793263544826125e+00
5.380981467415746344e+00
5.375476872848865995e+00
5.366798627989809667e+00
5.356829607276104355e+00
5.342261457570188554e+00
5.323926133586132536e+00
5.316582742046290555e+00
5.316833603841105926e+00
5.319341577902571672e+00
5.324380967645165441e+00
5.325297894669334120e+00
5.305644921962880289e+00
5.272994620176991276e+00
5.261737177004794042e+00
5.251444241446642458e+00
5.229703134704224432e+00
5.201970710472293646e+00
5.174298061028932416e+00
5.148445690713372436e+00
5.131227465444741398e+00
5.139333220780173406e+00
5.164620683265040313e+00
5.174401678635877744e+00
5.187312357078599945e+00
5.202441453106064095e+00
5.223898547917940505e+00
5.253690286740191340e+00
5.266022407653490944e+00
5.279965250872056259e+00
5.290497939802525806e+00
5.297421231548132603e+00
5.301652261577245007e+00
5.303004619049316304e+00
5.301534235500813708e+00
5.291815880264031158e+00
5.272253427794314717e+00
5.268061094067494565e+00
5.258290466203653146e+00
5.245762858234813919e+00
5.230443457105010907e+00
5.211568888941880751e+00
5.185147592192719479e+00
5.139951882855093857e+00
5.098354101937919935e+00
5.058129359384706092e+00
5.021019413674901344e+00
4.987479698454145627e+00
4.940453313051567541e+00
4.906809956375927761e+00
4.876693947287054520e+00
4.855209226328860872e+00
4.854373082630690561e+00
4.852695254727983354e+00
4.851516029691296694e+00
4.849134380991884541e+00
4.846713445059143588e+00
4.863354976956387077e+00
4.872398903951327576e+00
4.883789668003515771e+00
4.896885191226147072e+00
4.911171001254654556e+00
4.926402241330221088e+00
4.942335335506901295e+00
4.958741528295131928e+00
4.975383060192374529e+00
4.992024592089617130e+00
5.008666123986860619e+00
5.025307655884103220e+00
5.041949187781345820e+00
5.058590719678588421e+00
5.075232251575831910e+00
5.091873783473074511e+00
5.108515315370317111e+00
5.125156847267560600e+00
5.141798379164803201e+00
5.158439911062045802e+00
5.175081442959288403e+00
5.191898010690175980e+00
5.208884693419865819e+00
5.226045614229712477e+00
5.243370508811221242e+00
5.260829881174834632e+00
5.278352108743598947e+00
5.295847717249849040e+00
5.312489249147091641e+00
5.343308683569494733e+00
5.359376592010920426e+00
5.376006942665511268e+00
5.391297676662022198e+00
5.404866670720742228e+00
5.414888933418427364e+00
5.423402353963359346e+00
5.430211246326986263e+00
5.436118867368787022e+00
5.427341598013179613e+00
5.434185024874281567e+00
5.441765210532417463e+00
5.452049804814185663e+00
5.464246526342861010e+00
5.479574369144382118e+00
5.495215002623451639e+00
5.511108799876716091e+00
5.522375522328946573e+00
5.532842007140012619e+00
5.540942717267332007e+00
5.545654069211685133e+00
5.547357109193459479e+00
5.547609475213185704e+00
5.547033244341444735e+00
5.546351100325379591e+00
5.545613186293299357e+00
5.549422229597577250e+00
5.552418099146085417e+00
5.554638331409375240e+00
5.556431760090758232e+00
5.557196430831162992e+00
5.555954460682722917e+00
5.552452560333301257e+00
5.546899745965752082e+00
5.540374252846383740e+00
5.533591009318429954e+00
5.526755414716534531e+00
5.519018788359915995e+00
5.511505071602588401e+00
5.504253037926851277e+00
5.498195993753751232e+00
5.493377386040153354e+00
5.489838157621132808e+00
5.487074240074090170e+00
5.483449621533754481e+00
5.479733110193688361e+00
5.476223768890164045e+00
5.476051457185532989e+00
5.471140622122130814e+00
5.468114503571751328e+00
5.465819725672714569e+00
5.462108150739407364e+00
5.458332574548654392e+00
5.454492529348906160e+00
5.451491654644079254e+00
5.448700454804423998e+00
5.443613303915260104e+00
5.444153941362421811e+00
5.443459792840960709e+00
5.442578720334088516e+00
5.443614877743778280e+00
5.444870941436123601e+00
5.447661231451736974e+00
5.449436420520097357e+00
5.449779166418338150e+00
5.447640626282488796e+00
5.446281445928322640e+00
5.443524698514790927e+00
5.440455915045070867e+00
5.436886085806161617e+00
5.432871513494671234e+00
5.427989329829974174e+00
5.423541152372878926e+00
5.420968472036698849e+00
5.419765507061629073e+00
5.417222334290650920e+00
5.414767133102284191e+00
5.411758943431184576e+00
5.408662339013498688e+00
5.405508963719991122e+00
5.402430737024243257e+00
5.399039488937503073e+00
5.395488233071676909e+00
5.391886229373958450e+00
5.387985930985047744e+00
5.383988395911618596e+00
5.380118482957574777e+00
5.376957213325613161e+00
5.376151524620641275e+00
5.376250306812879742e+00
5.374015017391950089e+00
5.373919346156966093e+00
5.373658447338389266e+00
5.374704502745611734e+00
5.376689715325416508e+00
5.379761982578234125e+00
5.383784917435185058e+00
5.386589045141043641e+00
5.389767845888703057e+00
5.395932631174940042e+00
5.400114049337748412e+00
5.404493725950645810e+00
5.407790805746012452e+00
5.410823940338652882e+00
5.413068578503282602e+00
5.412124875924545719e+00
5.407863840887652707e+00
5.397991800610030921e+00
5.382312539636950000e+00
5.362243240221186369e+00
5.339519025856517942e+00
5.314172309862680521e+00
5.296450400585747786e+00
5.278814940533505862e+00
5.263335967313777175e+00
5.251064515320074122e+00
5.244721926339087403e+00
5.245463433709257828e+00
5.252543071828958077e+00
5.264412179617700360e+00
5.280864660458537863e+00
5.291660982824026860e+00
5.304352238047850499e+00
5.318420236907645204e+00
5.333354115163829512e+00
5.348649845313071971e+00
5.363847362400580465e+00
5.378551774785417017e+00
5.392413155487089327e+00
5.408865636327927717e+00
5.423433839143082302e+00
5.435762159482448119e+00
5.445150572958699087e+00
5.451019361448979694e+00
5.454158401465137196e+00
5.455590596613838272e+00
5.454819903212069221e+00
5.453344060038459062e+00
5.446410134638476563e+00
5.439099671096084165e+00
5.433317698475097046e+00
5.428587182880339590e+00
5.425752127834939209e+00
5.424931390618075611e+00
5.425007675772018700e+00
5.426181474272738114e+00
5.426729861280534806e+00
5.425884360010026164e+00
5.425107568212363951e+00
5.423212142302951122e+00
5.419527001070530758e+00
5.415474165945035168e+00
5.409962872864248595e+00
5.403039894430984091e+00
5.395281659703569765e+00
5.386931082682329119e+00
5.380067745899570930e+00
5.372410073310496692e+00
5.364085544044545628e+00
5.356877404666040121e+00
5.348539050644697035e+00
5.339334866022681148e+00
5.329125342202137183e+00
5.316829249847568661e+00
5.302566157725832063e+00
5.285290400793988930e+00
5.263663639826387630e+00
5.238072862716395051e+00
5.218478983379444713e+00
5.191141599009586827e+00
5.170571212835379349e+00
5.151105721249894742e+00
5.134100607617785528e+00
5.119965008001873485e+00
5.109963310830064387e+00
5.105856670067242753e+00
5.106925041710607793e+00
5.103390622266998911e+00
5.109764858553983657e+00
5.111308070758219024e+00
5.113757868638523441e+00
5.116480403977303304e+00
5.118855708962076534e+00
5.120281760803148785e+00
5.120195442972022448e+00
5.118082440657424570e+00
5.124456676944408429e+00
5.108093962148569034e+00
5.091836729703103970e+00
5.076633426644363567e+00
5.059821320987526683e+00
5.041940478514533197e+00
5.024026393897650600e+00
5.005682561639604344e+00
4.988157419200710763e+00
4.960726173830323660e+00
4.954345920537286396e+00
4.947573777805961193e+00
4.939243357340054708e+00
4.931947689817446800e+00
4.926980388440147074e+00
4.922871454823254389e+00
4.920229685499080574e+00
4.919573213929592015e+00
4.919872921796311083e+00
4.921329274423531075e+00
4.923855091715595655e+00
4.927392957360591907e+00
4.932504817934411534e+00
4.937765565749676178e+00
4.943733502713765660e+00
4.950767339483820528e+00
4.957088561679722005e+00
4.963662958680263415e+00
4.969924027722851356e+00
4.974729235299447438e+00
4.978373105594111614e+00
4.980134156936269818e+00
4.980250716495104868e+00
4.979477468456956046e+00
4.977599364270799853e+00
4.974472231713741088e+00
4.970173631468480124e+00
4.964986256118250729e+00
4.959187972400034283e+00
4.953234798113200554e+00
4.947902166518034051e+00
4.943064021690330989e+00
4.937266510576875156e+00
4.930987701675382695e+00
4.925833534652188206e+00
4.920127656222820889e+00
4.915103446813096966e+00
4.911537870535852335e+00
4.909150858391627459e+00
4.906087932027380027e+00
4.901627839049675472e+00
4.896420708412922096e+00
4.891859403149198648e+00
4.888171304579452148e+00
4.886463259482305865e+00
4.885110460162745305e+00
4.882647477456885099e+00
4.877599519361726976e+00
4.872097073061684824e+00
4.856361971667206845e+00
4.841808346623866832e+00
4.811608479468828747e+00
4.789393185922024898e+00
4.764640198365861501e+00
4.738417217957699989e+00
4.711686746982902463e+00
4.686438805465371615e+00
4.662522624596819654e+00
4.650592335371091401e+00
4.639708859899146276e+00
4.645026155658053213e+00
4.641617275075148541e+00
4.640703615459077724e+00
4.641837013369221943e+00
4.644576429620201452e+00
4.648494387097921177e+00
4.653196261412779755e+00
4.658313547650316799e+00
4.663630843409221960e+00
4.668948139168127121e+00
4.674265434927033169e+00
4.679711686601889298e+00
4.685342571898962305e+00
4.691384470727559375e+00
4.698110817746264267e+00
4.705903288522111261e+00
4.715176929301073905e+00
4.726374997501487485e+00
4.731692293260392645e+00
4.747455018211297784e+00
4.757153252261885790e+00
4.780493731136409963e+00
4.807234631170852701e+00
4.842058596599838616e+00
4.878519463265780232e+00
4.915784264889515143e+00
4.952394663054616508e+00
4.995991833203611066e+00
5.029619395701697471e+00
5.066178928488671573e+00
5.091060207362471779e+00
5.110584335825856250e+00
5.118717221432437903e+00
5.123047196548739635e+00
5.124048467894469105e+00
5.122280540502659463e+00
5.116884060896829567e+00
5.106349649063286478e+00
5.085321275390387363e+00
5.064453098783130436e+00
5.044974680240197351e+00
5.026212680913385356e+00
5.007279185691470680e+00
4.986395511822983018e+00
4.963899361518410380e+00
4.939758929089782313e+00
4.926490174730851379e+00
4.939924345331267119e+00
4.952792193130239440e+00
4.952783865843060518e+00
4.961312744990251211e+00
4.969813045690691489e+00
4.974705116764516433e+00
4.985213897915439674e+00
4.995403010306664449e+00
4.996874283117207938e+00
4.987701300434134843e+00
4.972696216506840905e+00
4.968726888084912474e+00
4.958540890533489787e+00
4.946942677751621886e+00
4.939858312886728164e+00
4.928618061567828335e+00
4.919994310197675524e+00
4.912517568448470762e+00
4.901379550431437693e+00
4.893893869182873502e+00
4.887561230181835192e+00
4.879336233342743689e+00
4.872445482368512160e+00
4.866432811348842868e+00
4.861456832675782103e+00
4.858136245762817218e+00
4.856236311339229061e+00
4.855072383397298630e+00
4.854281219246549206e+00
4.854402032252067123e+00
4.859761536451990160e+00
4.867633573740140385e+00
4.877062002159939347e+00
4.889830024628497362e+00
4.905199607335898548e+00
4.921857728621397143e+00
4.940229015466848672e+00
4.960204512837647961e+00
4.981033474352329904e+00
4.999664527967958350e+00
5.019460451599465856e+00
5.040753394129047216e+00
5.064614798523130013e+00
5.088965190347319201e+00
5.111894695526524757e+00
5.135980120728381948e+00
5.161504022603897290e+00
5.190672885931554070e+00
5.223881796623230933e+00
5.258428139596606599e+00
5.293225805139225137e+00
5.324172689988501794e+00
5.354801306152285889e+00
5.384231472808227892e+00
5.408933898815235786e+00
5.428921326705691719e+00
5.443935214635970965e+00
5.452717377920476949e+00
5.457089269295033240e+00
5.458505754915005781e+00
5.457567875905124488e+00
5.453139503802775678e+00
5.449070742676551227e+00
5.446329354101493436e+00
5.444429368960933324e+00
5.442040446645724394e+00
5.439386139535689502e+00
5.436609788782980068e+00
5.433798781026758284e+00
5.431003588551143402e+00
5.428245812660638769e+00
5.425504424085581867e+00
5.422763035510524077e+00
5.420021646935465398e+00
5.417280258360408496e+00
5.414538869785349817e+00
5.411797481210292027e+00
5.409056092635236013e+00
5.406314704060177334e+00
5.403573315485120432e+00
5.400831926910061753e+00
5.398090538335003963e+00
5.395349149759947949e+00
5.392607761184888382e+00
5.389866372609832368e+00
5.387124984034773689e+00
5.384383595459715899e+00
5.381642206884659885e+00
5.378900818309600318e+00
5.376159429734544304e+00
5.373418041159485625e+00
5.370676652584427835e+00
5.367935264009370933e+00
5.365193875434312254e+00
5.362452486859254464e+00
5.359711098284197561e+00
5.356969709709139771e+00
5.354228321134081980e+00
5.351486932559023302e+00
5.348745543983966400e+00
5.346004155408909497e+00
5.343262766833849930e+00
5.340521378258793916e+00
5.337779989683735238e+00
5.335038601108678336e+00
5.332297212533621433e+00
5.329555823958561867e+00
5.326814435383505852e+00
5.324073046808447174e+00
5.321331658233390272e+00
5.318590269658332481e+00
5.315848881083273803e+00
5.313107492508216900e+00
5.310366103933159110e+00
5.307624715358100431e+00
5.304883326783043529e+00
5.302141938207984850e+00
5.299400549632927060e+00
5.296659161057871046e+00
5.293917772482812367e+00
5.291176383907755465e+00
5.288434995332696786e+00
5.285693606757638996e+00
5.282952218182582982e+00
5.280210829607523415e+00
5.277469441032467401e+00
5.274728052457408722e+00
5.271986663882350932e+00
5.269245275307294918e+00
5.266503886732235351e+00
5.263762498157179337e+00
5.261021109582120658e+00
5.258279721007062868e+00
5.255538332432005966e+00
5.252796943856947287e+00
5.250055555281889497e+00
5.247314166706832594e+00
5.244550644647014259e+00
5.241754399578325341e+00
5.238924788115322251e+00
5.236040396713900869e+00
5.233115360009629846e+00
5.230177796371107135e+00
5.227245972164597632e+00
5.224504583589538953e+00
5.219970382748905458e+00
5.216393376205621379e+00
5.213654729903334228e+00
5.209267067143814600e+00
5.207813586875944978e+00
5.207533434286858665e+00
5.206467796442574958e+00
5.203980450474499975e+00
5.198688627727627853e+00
5.188858547694930046e+00
5.178188115261171731e+00
5.172662169002824051e+00
5.161491989029405758e+00
5.149432202176972950e+00
5.135193837930735583e+00
5.118785113382712915e+00
5.099013246052438220e+00
5.085009088305277203e+00
5.078500254040092976e+00
5.071592734784611700e+00
5.065963503170795690e+00
5.072646269875088265e+00
5.077386518025822859e+00
5.089997752920048413e+00
5.107550388672268404e+00
5.133877378674053027e+00
5.161432371334521818e+00
5.191691156937576324e+00
5.226133910116153025e+00
5.255811305052734639e+00
5.284042008671691271e+00
5.314747667744001092e+00
5.340653050617858000e+00
5.367151321393645702e+00
5.390490254485426291e+00
5.411199386056302352e+00
5.427982548225805282e+00
5.443030587058465208e+00
5.456775876562005578e+00
5.469255937388093791e+00
5.481629689494806001e+00
5.493365624306761674e+00
5.505437406507967424e+00
5.519846047941694422e+00
5.532973826625637415e+00
5.544801018045260932e+00
5.551494730226006702e+00
5.554469981742859552e+00
5.554683321228982784e+00
5.551505997484759369e+00
5.546384144053838838e+00
5.539549573227358081e+00
5.529123804155243960e+00
5.518969233833293409e+00
5.510223412461195736e+00
5.504886731057909266e+00
5.502162422755371374e+00
5.499517750260113580e+00
5.497966435610392111e+00
5.496932967523111557e+00
5.495641680649228533e+00
5.494285423070046193e+00
5.492295466524966585e+00
5.489759408736448520e+00
5.486050860710193433e+00
5.473450953933770791e+00
5.451220335985385468e+00
5.436108494419416459e+00
5.424126799792911235e+00
5.410883705735607840e+00
5.398009390301890420e+00
5.385114117734307371e+00
5.372998369276320574e+00
5.362100832968970110e+00
5.360672592083353116e+00
5.369965428662293760e+00
5.372620474176703631e+00
5.372784661431222020e+00
5.373878624428471973e+00
5.375686817216737801e+00
5.378007064318562236e+00
5.380643253184626218e+00
5.383412795535664763e+00
5.386149789087907536e+00
5.388804834602317406e+00
5.391459880116727277e+00
5.394114925631137147e+00
5.396769971145547906e+00
5.399425016659956889e+00
5.402080062174366759e+00
5.404715748845896783e+00
5.407171283922056482e+00
5.409337879136391081e+00
5.411104039567342205e+00
5.412346614819053769e+00
5.412934445242419734e+00
5.412727446622249694e+00
5.415382492136659565e+00
5.416469471377813427e+00
5.406119662783347657e+00
5.400162369153268749e+00
5.394274776321332787e+00
5.387843524855026267e+00
5.381287109054466278e+00
5.374662548229438563e+00
5.368103496344566850e+00
5.357196909394421169e+00
5.346976010451403916e+00
5.346360459052117875e+00
5.340314476576895508e+00
5.332689653996279588e+00
5.323571079585131649e+00
5.312831894399537624e+00
5.300810688351534239e+00
5.287174385710163627e+00
5.271962860502531711e+00
5.254407313624208875e+00
5.236797810767848560e+00
5.219069412558202004e+00
5.200805913300992067e+00
5.181160709368914041e+00
5.159063442733275551e+00
5.132905828064044051e+00
5.107432505820172608e+00
5.073638155092490720e+00
5.063861863045768352e+00
5.071681196649776346e+00
5.071066786313204844e+00
5.073885515606177954e+00
5.081432373255728940e+00
5.094382455545618527e+00
5.113806291408076632e+00
5.134962318935167858e+00
5.167226992176612299e+00
5.177952990546981660e+00
5.172035628669186202e+00
5.174936484081926302e+00
5.175740102780897800e+00
5.174521522377932392e+00
5.171286622399307475e+00
5.166142803702787667e+00
5.159259318619562329e+00
5.150802354148908080e+00
5.141062305198243365e+00
5.135144943320447020e+00
5.125599786602625052e+00
5.110303399535574442e+00
5.086699278284091186e+00
5.067931479818356344e+00
5.049608815845386012e+00
5.031045334709616235e+00
5.013007527806333741e+00
4.996199405702366647e+00
4.975708048164914743e+00
4.959102194221206794e+00
4.946261830911522495e+00
4.938794853364833592e+00
4.922960297584468847e+00
4.909260149134174078e+00
4.897781779964718751e+00
4.880464069943038830e+00
4.864082741471904114e+00
4.851581308423122074e+00
4.839903236821983867e+00
4.839720758272353152e+00
4.855571897004995918e+00
4.886012223842456592e+00
4.915419538561449642e+00
4.945958335363459746e+00
4.984684856273711162e+00
5.023485343807480241e+00
5.060986908667462814e+00
5.098790375952926723e+00
5.128487296094632164e+00
5.146826086467686245e+00
5.155590525240460131e+00
5.164176215006589743e+00
5.171210454084257613e+00
5.176223677442482796e+00
5.179991683100195310e+00
5.181044191988226189e+00
5.181193364976710569e+00
5.180233439784071692e+00
5.177907706497439477e+00
5.174638441274354683e+00
5.170886055204978682e+00
5.166795578062856720e+00
5.162272959121370519e+00
5.157590729318528133e+00
5.150189680980714613e+00
5.139498947340772617e+00
5.126215488248774932e+00
5.110241305334692008e+00
5.091706248572759108e+00
5.068453611896907240e+00
5.042979025310153851e+00
5.016701999126016887e+00
4.987258633160061017e+00
4.959326480293336559e+00
4.932479334267754645e+00
4.903211615110513399e+00
4.873661712398130064e+00
4.830388022684485527e+00
4.791168266731762770e+00
4.747893079672717676e+00
4.701779311040085396e+00
4.652015129754662581e+00
4.590802278868657105e+00
4.540064420244196874e+00
4.509717138726742292e+00
4.485037121514881875e+00
4.480400790195757210e+00
4.480739531262369901e+00
4.492144793281974025e+00
4.513238686806206879e+00
4.546978625456536527e+00
4.598511978390810384e+00
4.645840080662816618e+00
4.681555272832762959e+00
4.717817840940726093e+00
4.752897462040645671e+00
4.802317653345988369e+00
4.834818785811600961e+00
4.857075088275547792e+00
4.856446657607455641e+00
4.863653917341049571e+00
4.875632231095607061e+00
4.887755603271880744e+00
4.889482207146896187e+00
4.880256614717767505e+00
4.851982339548559509e+00
4.826758853894520307e+00
4.823068696958793034e+00
4.839086296114670560e+00
4.844795919184061717e+00
4.844167632290944603e+00
4.842651411003284778e+00
4.858785181919113683e+00
4.884150053982057038e+00
4.904526122066620530e+00
4.935449985497701419e+00
4.958194957426271365e+00
4.982650210013140679e+00
5.008328215440921660e+00
5.033464967778100707e+00
5.056902206222689600e+00
5.070198103309353499e+00
5.081451555845144519e+00
5.096361423455626927e+00
5.108492915680685087e+00
5.106048665652868301e+00
5.090986784047832892e+00
5.078238206918936015e+00
5.062922521772432738e+00
5.040669697282536887e+00
5.017163787805948516e+00
5.001074468065654699e+00
4.991452006035397737e+00
4.984996092463739537e+00
4.987351143883132387e+00
5.001558180520673247e+00
5.013187005732251400e+00
5.023467409645655302e+00
5.049244106805915955e+00
5.088953634653380576e+00
5.111535712835311607e+00
5.139140628622261175e+00
5.173305244237483613e+00
5.206063554434917862e+00
5.236113322607695686e+00
5.267593200750383176e+00
5.305271888314076811e+00
5.337322551825498529e+00
5.358667396409666495e+00
5.392493112288036627e+00
5.417735535558466431e+00
5.437290501541067300e+00
5.456822984052084990e+00
5.477429378455452635e+00
5.494121907159889240e+00
5.507304742324206082e+00
5.516169813013275025e+00
5.522500417670205941e+00
5.527046412570541634e+00
5.529190690322049129e+00
5.527391275080272059e+00
5.523241052848883115e+00
5.516551405266473473e+00
5.508204954870368653e+00
5.503589779650781111e+00
5.492469789286701598e+00
5.481771133784668848e+00
5.468817103274473901e+00
5.453199444938785945e+00
5.434009799162687671e+00
5.412109469728821232e+00
5.388151157996998286e+00
5.361942491434749769e+00
5.328443465674312485e+00
5.299827288320123841e+00
5.270430316905633461e+00
5.240984650855394555e+00
5.210094888617971876e+00
5.164586213945649540e+00
5.138362538914016397e+00
5.118329240647494061e+00
5.104727635526009166e+00
5.091036604627795725e+00
5.079071759196974511e+00
5.067787900604232121e+00
5.059217613796557877e+00
5.056017034451517844e+00
5.072036864087696273e+00
5.072470602385831029e+00
5.069602965943352579e+00
5.062951092957202803e+00
5.058540055439101124e+00
5.053546369500648616e+00
5.047828220513793873e+00
5.041261252250652802e+00
5.035079346413741774e+00
5.035682771385513234e+00
5.026605175981005758e+00
5.013123078606358973e+00
4.999595501607519310e+00
4.984994733036996806e+00
4.970119673268125204e+00
4.956702220122945590e+00
4.943906720700519841e+00
4.930290550391702276e+00
4.908119566770295705e+00
4.893746840895338401e+00
4.859715007672768650e+00
4.847497796305014539e+00
4.821887725393441571e+00
4.790753225147484251e+00
4.745690416649112287e+00
4.715693515919921808e+00
4.666483207435835112e+00
4.639318814259024037e+00
4.616518458200818742e+00
4.621475136566208342e+00
4.609196439331784134e+00
4.616893724434659063e+00
4.636611634368908774e+00
4.675433078744060111e+00
4.705169601060402051e+00
4.760097117711456605e+00
4.799702851851375129e+00
4.841240242113875603e+00
4.882794771861949989e+00
4.935926938376699269e+00
4.989740830756697498e+00
5.032767117139560931e+00
5.061778778136230450e+00
5.076429768400549492e+00
5.083054534076193676e+00
5.083451068660121308e+00
5.079599819871883248e+00
5.071589518517900963e+00
5.046903855739244271e+00
5.015452263363401997e+00
4.987866751836180335e+00
4.967813701916240277e+00
4.956141630082314009e+00
4.946860126979633066e+00
4.938555998006110670e+00
4.930553498138828594e+00
4.923827025017500247e+00
4.918367496122546534e+00
4.914046177563288431e+00
4.911101906041038134e+00
4.908553738661608712e+00
4.906114889081937491e+00
4.903736433213997437e+00
4.900761284803126117e+00
4.897433837305985804e+00
4.893354199941506444e+00
4.887920187065359023e+00
4.880666452467358418e+00
4.872444476772453292e+00
4.864439046671229505e+00
4.856806581322188343e+00
4.849977423639077578e+00
4.843257269348402616e+00
4.835763950039261516e+00
4.827779455772075679e+00
4.820836901712101330e+00
4.815168477412944625e+00
4.810772229727086291e+00
4.806509225375977579e+00
4.801982915920708805e+00
4.797581501378221702e+00
4.795254690724129354e+00
4.794473477364663339e+00
4.794977200820154550e+00
4.796617586327679206e+00
4.799627906774947661e+00
4.803134838287527408e+00
4.806698162251911377e+00
4.810413585535742165e+00
4.813240804880410728e+00
4.814528953465814887e+00
4.815014205950162385e+00
4.814584060211337224e+00
4.813096281748871164e+00
4.810687544743789346e+00
4.807037770762978113e+00
4.803078433257877755e+00
4.799576949856279917e+00
4.796421802745689078e+00
4.793480408552238892e+00
4.789690430763226203e+00
4.785172240347226769e+00
4.779605377293568935e+00
4.772183757344882871e+00
4.761083620192992250e+00
4.746855719957600250e+00
4.729863347591073186e+00
4.703088108953378921e+00
4.665330083759843482e+00
4.631926649673636653e+00
4.623578153189509266e+00
4.616236123069255903e+00
4.605325860056286302e+00
4.599946356833311434e+00
4.599445159734615984e+00
4.602943143336651666e+00
4.617939892729668649e+00
4.644288832265561773e+00
4.667577352430544835e+00
4.667231412027183168e+00
4.667231412027183168e+00
4.673042061138168890e+00
4.677714681860980050e+00
4.681046512380915736e+00
4.682832297622320006e+00
4.682832297622320006e+00
4.682832297622320006e+00
4.682832297622320006e+00
4.682832297622320006e+00
4.682832297622320006e+00
4.682832297622320006e+00
4.682832297622320006e+00
4.682832297622320006e+00
4.682832297622320006e+00
4.682832297622320006e+00
4.682832297622320006e+00
4.682832297622320006e+00
4.682832297622320006e+00
4.682832297622320006e+00
4.682832297622320006e+00
4.682832297622320006e+00
4.682832297622320006e+00
4.682832297622320006e+00
4.682832297622320006e+00
4.682832297622320006e+00
4.682832297622320006e+00
4.682832297622320006e+00
4.682832297622320006e+00
4.682832297622320006e+00
4.682832297622320006e+00
4.682832297622320006e+00
4.682832297622320006e+00
4.682832297622320006e+00
4.682832297622320006e+00
4.682832297622320006e+00
4.682832297622320006e+00
4.682832297622320006e+00
4.682832297622320006e+00
4.682832297622320006e+00
4.682832297622320006e+00
4.682832297622320006e+00
4.682832297622320006e+00
4.682832297622320006e+00
4.682832297622320006e+00
4.682832297622320006e+00
4.682832297622320006e+00
4.682832297622320006e+00
4.682832297622320006e+00
4.682832297622320006e+00
4.682832297622320006e+00
4.682832297622320006e+00
4.682832297622320006e+00
4.682832297622320006e+00
4.682832297622320006e+00
4.682832297622320006e+00
4.682832297622320006e+00
4.682832297622320006e+00
4.682832297622320006e+00
4.682832297622320006e+00
4.682832297622320006e+00
4.682832297622320006e+00
4.682832297622320006e+00
4.682832297622320006e+00
4.682832297622320006e+00
4.682832297622320006e+00
4.682832297622320006e+00
4.682832297622320006e+00
4.682832297622320006e+00
4.682832297622320006e+00
4.682832297622320006e+00
4.682832297622320006e+00
4.682832297622320006e+00
4.682832297622320006e+00
4.682832297622320006e+00
4.682832297622320006e+00
4.682832297622320006e+00
4.682832297622320006e+00
4.682832297622320006e+00
4.682832297622320006e+00
4.682832297622320006e+00
